1 2 1 2
2 1 2 3
3 3 3 4
4 3 4 5
5 3 5 6
6 3 6 7
7 2 8 9
8 1 9 10
9 3 10 11
10 3 11 12
11 3 12 13
12 3 13 14
13 2 15 16
14 1 16 17
15 3 17 18
16 3 18 19
17 3 19 20
18 3 20 21
19 2 22 23
20 1 23 24
21 3 24 25
22 3 25 26
23 3 26 27
24 3 27 28
25 2 29 30
26 1 30 31
27 3 31 32
28 3 32 33
29 3 33 34
30 3 34 35
31 2 36 37
32 1 37 38
33 3 38 39
34 3 39 40
35 3 40 41
36 3 41 42
37 2 43 44
38 1 44 45
39 3 45 46
40 3 46 47
41 3 47 48
42 3 48 49
43 2 50 51
44 1 51 52
45 3 52 53
46 3 53 54
47 3 54 55
48 3 55 56
