  	1	1	2
  	2	2	3
  	3	3	4
  	4	4	5
  	5	5	6
  	6	6	7
  	7	8	9
  	8	9	10
  	9	10	11
  	10	11	12
  	11	12	13
  	12	13	14
  	13	15	16
  	14	16	17
  	15	17	18
  	16	18	19
  	17	19	20
  	18	20	21
  	19	22	23
  	20	23	24
  	21	24	25
  	22	25	26
  	23	26	27
  	24	27	28
  	25	29	30
  	26	30	31
  	27	31	32
  	28	32	33
  	29	33	34
  	30	34	35
  	31	36	37
  	32	37	38
  	33	38	39
  	34	39	40
  	35	40	41
  	36	41	42
  	37	43	44
  	38	44	45
  	39	45	46
  	40	46	47
  	41	47	48
  	42	48	49
  	43	50	51
  	44	51	52
  	45	52	53
  	46	53	54
  	47	54	55
  	48	55	56
