  	1	1	2
  	2	2	3
  	3	3	4
  	4	4	5
  	5	5	6
  	6	6	7
  	7	7	8
  	8	8	9
  	9	9	10
  	10	10	11
  	11	11	12
  	12	12	13
  	13	13	14
  	14	14	15
  	15	15	16
  	16	16	17
  	17	17	18
  	18	18	19
  	19	19	20
  	20	21	22
  	21	22	23
  	22	23	24
  	23	24	25
  	24	25	26
  	25	26	27
  	26	27	28
  	27	28	29
  	28	29	30
  	29	30	31
  	30	31	32
  	31	32	33
  	32	33	34
  	33	34	35
  	34	35	36
  	35	36	37
  	36	37	38
  	37	38	39
  	38	39	40
  	39	41	42
  	40	42	43
  	41	43	44
  	42	44	45
  	43	45	46
  	44	46	47
  	45	47	48
  	46	48	49
  	47	49	50
  	48	50	51
  	49	51	52
  	50	52	53
  	51	53	54
  	52	54	55
  	53	55	56
  	54	56	57
  	55	57	58
  	56	58	59
  	57	59	60
  	58	61	62
  	59	62	63
  	60	63	64
  	61	64	65
  	62	65	66
  	63	66	67
  	64	67	68
  	65	68	69
  	66	69	70
  	67	70	71
  	68	71	72
  	69	72	73
  	70	73	74
  	71	74	75
  	72	75	76
  	73	76	77
  	74	77	78
  	75	78	79
  	76	79	80
  	77	81	82
  	78	82	83
  	79	83	84
  	80	84	85
  	81	85	86
  	82	86	87
  	83	87	88
  	84	88	89
  	85	89	90
  	86	90	91
  	87	91	92
  	88	92	93
  	89	93	94
  	90	94	95
  	91	95	96
  	92	96	97
  	93	97	98
  	94	98	99
  	95	99	100
  	96	101	102
  	97	102	103
  	98	103	104
  	99	104	105
  	100	105	106
  	101	106	107
  	102	107	108
  	103	108	109
  	104	109	110
  	105	110	111
  	106	111	112
  	107	112	113
  	108	113	114
  	109	114	115
  	110	115	116
  	111	116	117
  	112	117	118
  	113	118	119
  	114	119	120
  	115	121	122
  	116	122	123
  	117	123	124
  	118	124	125
  	119	125	126
  	120	126	127
  	121	127	128
  	122	128	129
  	123	129	130
  	124	130	131
  	125	131	132
  	126	132	133
  	127	133	134
  	128	134	135
  	129	135	136
  	130	136	137
  	131	137	138
  	132	138	139
  	133	139	140
  	134	141	142
  	135	142	143
  	136	143	144
  	137	144	145
  	138	145	146
  	139	146	147
  	140	147	148
  	141	148	149
  	142	149	150
  	143	150	151
  	144	151	152
  	145	152	153
  	146	153	154
  	147	154	155
  	148	155	156
  	149	156	157
  	150	157	158
  	151	158	159
  	152	159	160
  	153	161	162
  	154	162	163
  	155	163	164
  	156	164	165
  	157	165	166
  	158	166	167
  	159	167	168
  	160	168	169
  	161	169	170
  	162	170	171
  	163	171	172
  	164	172	173
  	165	173	174
  	166	174	175
  	167	175	176
  	168	176	177
  	169	177	178
  	170	178	179
  	171	179	180
  	172	181	182
  	173	182	183
  	174	183	184
  	175	184	185
  	176	185	186
  	177	186	187
  	178	187	188
  	179	188	189
  	180	189	190
  	181	190	191
  	182	191	192
  	183	192	193
  	184	193	194
  	185	194	195
  	186	195	196
  	187	196	197
  	188	197	198
  	189	198	199
  	190	199	200
  	191	201	202
  	192	202	203
  	193	203	204
  	194	204	205
  	195	205	206
  	196	206	207
  	197	207	208
  	198	208	209
  	199	209	210
  	200	210	211
  	201	211	212
  	202	212	213
  	203	213	214
  	204	214	215
  	205	215	216
  	206	216	217
  	207	217	218
  	208	218	219
  	209	219	220
  	210	221	222
  	211	222	223
  	212	223	224
  	213	224	225
  	214	225	226
  	215	226	227
  	216	227	228
  	217	228	229
  	218	229	230
  	219	230	231
  	220	231	232
  	221	232	233
  	222	233	234
  	223	234	235
  	224	235	236
  	225	236	237
  	226	237	238
  	227	238	239
  	228	239	240
  	229	241	242
  	230	242	243
  	231	243	244
  	232	244	245
  	233	245	246
  	234	246	247
  	235	247	248
  	236	248	249
  	237	249	250
  	238	250	251
  	239	251	252
  	240	252	253
  	241	253	254
  	242	254	255
  	243	255	256
  	244	256	257
  	245	257	258
  	246	258	259
  	247	259	260
  	248	261	262
  	249	262	263
  	250	263	264
  	251	264	265
  	252	265	266
  	253	266	267
  	254	267	268
  	255	268	269
  	256	269	270
  	257	270	271
  	258	271	272
  	259	272	273
  	260	273	274
  	261	274	275
  	262	275	276
  	263	276	277
  	264	277	278
  	265	278	279
  	266	279	280
  	267	281	282
  	268	282	283
  	269	283	284
  	270	284	285
  	271	285	286
  	272	286	287
  	273	287	288
  	274	288	289
  	275	289	290
  	276	290	291
  	277	291	292
  	278	292	293
  	279	293	294
  	280	294	295
  	281	295	296
  	282	296	297
  	283	297	298
  	284	298	299
  	285	299	300
  	286	301	302
  	287	302	303
  	288	303	304
  	289	304	305
  	290	305	306
  	291	306	307
  	292	307	308
  	293	308	309
  	294	309	310
  	295	310	311
  	296	311	312
  	297	312	313
  	298	313	314
  	299	314	315
  	300	315	316
  	301	316	317
  	302	317	318
  	303	318	319
  	304	319	320
  	305	321	322
  	306	322	323
  	307	323	324
  	308	324	325
  	309	325	326
  	310	326	327
  	311	327	328
  	312	328	329
  	313	329	330
  	314	330	331
  	315	331	332
  	316	332	333
  	317	333	334
  	318	334	335
  	319	335	336
  	320	336	337
  	321	337	338
  	322	338	339
  	323	339	340
  	324	341	342
  	325	342	343
  	326	343	344
  	327	344	345
  	328	345	346
  	329	346	347
  	330	347	348
  	331	348	349
  	332	349	350
  	333	350	351
  	334	351	352
  	335	352	353
  	336	353	354
  	337	354	355
  	338	355	356
  	339	356	357
  	340	357	358
  	341	358	359
  	342	359	360
  	343	361	362
  	344	362	363
  	345	363	364
  	346	364	365
  	347	365	366
  	348	366	367
  	349	367	368
  	350	368	369
  	351	369	370
  	352	370	371
  	353	371	372
  	354	372	373
  	355	373	374
  	356	374	375
  	357	375	376
  	358	376	377
  	359	377	378
  	360	378	379
  	361	379	380
  	362	381	382
  	363	382	383
  	364	383	384
  	365	384	385
  	366	385	386
  	367	386	387
  	368	387	388
  	369	388	389
  	370	389	390
  	371	390	391
  	372	391	392
  	373	392	393
  	374	393	394
  	375	394	395
  	376	395	396
  	377	396	397
  	378	397	398
  	379	398	399
  	380	399	400
  	381	401	402
  	382	402	403
  	383	403	404
  	384	404	405
  	385	405	406
  	386	406	407
  	387	407	408
  	388	408	409
  	389	409	410
  	390	410	411
  	391	411	412
  	392	412	413
  	393	413	414
  	394	414	415
  	395	415	416
  	396	416	417
  	397	417	418
  	398	418	419
  	399	419	420
  	400	421	422
  	401	422	423
  	402	423	424
  	403	424	425
  	404	425	426
  	405	426	427
  	406	427	428
  	407	428	429
  	408	429	430
  	409	430	431
  	410	431	432
  	411	432	433
  	412	433	434
  	413	434	435
  	414	435	436
  	415	436	437
  	416	437	438
  	417	438	439
  	418	439	440
  	419	441	442
  	420	442	443
  	421	443	444
  	422	444	445
  	423	445	446
  	424	446	447
  	425	447	448
  	426	448	449
  	427	449	450
  	428	450	451
  	429	451	452
  	430	452	453
  	431	453	454
  	432	454	455
  	433	455	456
  	434	456	457
  	435	457	458
  	436	458	459
  	437	459	460
  	438	461	462
  	439	462	463
  	440	463	464
  	441	464	465
  	442	465	466
  	443	466	467
  	444	467	468
  	445	468	469
  	446	469	470
  	447	470	471
  	448	471	472
  	449	472	473
  	450	473	474
  	451	474	475
  	452	475	476
  	453	476	477
  	454	477	478
  	455	478	479
  	456	479	480
  	457	481	482
  	458	482	483
  	459	483	484
  	460	484	485
  	461	485	486
  	462	486	487
  	463	487	488
  	464	488	489
  	465	489	490
  	466	490	491
  	467	491	492
  	468	492	493
  	469	493	494
  	470	494	495
  	471	495	496
  	472	496	497
  	473	497	498
  	474	498	499
  	475	499	500
  	476	501	502
  	477	502	503
  	478	503	504
  	479	504	505
  	480	505	506
  	481	506	507
  	482	507	508
  	483	508	509
  	484	509	510
  	485	510	511
  	486	511	512
  	487	512	513
  	488	513	514
  	489	514	515
  	490	515	516
  	491	516	517
  	492	517	518
  	493	518	519
  	494	519	520
  	495	521	522
  	496	522	523
  	497	523	524
  	498	524	525
  	499	525	526
  	500	526	527
  	501	527	528
  	502	528	529
  	503	529	530
  	504	530	531
  	505	531	532
  	506	532	533
  	507	533	534
  	508	534	535
  	509	535	536
  	510	536	537
  	511	537	538
  	512	538	539
  	513	539	540
  	514	541	542
  	515	542	543
  	516	543	544
  	517	544	545
  	518	545	546
  	519	546	547
  	520	547	548
  	521	548	549
  	522	549	550
  	523	550	551
  	524	551	552
  	525	552	553
  	526	553	554
  	527	554	555
  	528	555	556
  	529	556	557
  	530	557	558
  	531	558	559
  	532	559	560
  	533	561	562
  	534	562	563
  	535	563	564
  	536	564	565
  	537	565	566
  	538	566	567
  	539	567	568
  	540	568	569
  	541	569	570
  	542	570	571
  	543	571	572
  	544	572	573
  	545	573	574
  	546	574	575
  	547	575	576
  	548	576	577
  	549	577	578
  	550	578	579
  	551	579	580
  	552	581	582
  	553	582	583
  	554	583	584
  	555	584	585
  	556	585	586
  	557	586	587
  	558	587	588
  	559	588	589
  	560	589	590
  	561	590	591
  	562	591	592
  	563	592	593
  	564	593	594
  	565	594	595
  	566	595	596
  	567	596	597
  	568	597	598
  	569	598	599
  	570	599	600
  	571	601	602
  	572	602	603
  	573	603	604
  	574	604	605
  	575	605	606
  	576	606	607
  	577	607	608
  	578	608	609
  	579	609	610
  	580	610	611
  	581	611	612
  	582	612	613
  	583	613	614
  	584	614	615
  	585	615	616
  	586	616	617
  	587	617	618
  	588	618	619
  	589	619	620
  	590	621	622
  	591	622	623
  	592	623	624
  	593	624	625
  	594	625	626
  	595	626	627
  	596	627	628
  	597	628	629
  	598	629	630
  	599	630	631
  	600	631	632
  	601	632	633
  	602	633	634
  	603	634	635
  	604	635	636
  	605	636	637
  	606	637	638
  	607	638	639
  	608	639	640
  	609	641	642
  	610	642	643
  	611	643	644
  	612	644	645
  	613	645	646
  	614	646	647
  	615	647	648
  	616	648	649
  	617	649	650
  	618	650	651
  	619	651	652
  	620	652	653
  	621	653	654
  	622	654	655
  	623	655	656
  	624	656	657
  	625	657	658
  	626	658	659
  	627	659	660
  	628	661	662
  	629	662	663
  	630	663	664
  	631	664	665
  	632	665	666
  	633	666	667
  	634	667	668
  	635	668	669
  	636	669	670
  	637	670	671
  	638	671	672
  	639	672	673
  	640	673	674
  	641	674	675
  	642	675	676
  	643	676	677
  	644	677	678
  	645	678	679
  	646	679	680
  	647	681	682
  	648	682	683
  	649	683	684
  	650	684	685
  	651	685	686
  	652	686	687
  	653	687	688
  	654	688	689
  	655	689	690
  	656	690	691
  	657	691	692
  	658	692	693
  	659	693	694
  	660	694	695
  	661	695	696
  	662	696	697
  	663	697	698
  	664	698	699
  	665	699	700
  	666	701	702
  	667	702	703
  	668	703	704
  	669	704	705
  	670	705	706
  	671	706	707
  	672	707	708
  	673	708	709
  	674	709	710
  	675	710	711
  	676	711	712
  	677	712	713
  	678	713	714
  	679	714	715
  	680	715	716
  	681	716	717
  	682	717	718
  	683	718	719
  	684	719	720
  	685	721	722
  	686	722	723
  	687	723	724
  	688	724	725
  	689	725	726
  	690	726	727
  	691	727	728
  	692	728	729
  	693	729	730
  	694	730	731
  	695	731	732
  	696	732	733
  	697	733	734
  	698	734	735
  	699	735	736
  	700	736	737
  	701	737	738
  	702	738	739
  	703	739	740
  	704	741	742
  	705	742	743
  	706	743	744
  	707	744	745
  	708	745	746
  	709	746	747
  	710	747	748
  	711	748	749
  	712	749	750
  	713	750	751
  	714	751	752
  	715	752	753
  	716	753	754
  	717	754	755
  	718	755	756
  	719	756	757
  	720	757	758
  	721	758	759
  	722	759	760
  	723	761	762
  	724	762	763
  	725	763	764
  	726	764	765
  	727	765	766
  	728	766	767
  	729	767	768
  	730	768	769
  	731	769	770
  	732	770	771
  	733	771	772
  	734	772	773
  	735	773	774
  	736	774	775
  	737	775	776
  	738	776	777
  	739	777	778
  	740	778	779
  	741	779	780
  	742	781	782
  	743	782	783
  	744	783	784
  	745	784	785
  	746	785	786
  	747	786	787
  	748	787	788
  	749	788	789
  	750	789	790
  	751	790	791
  	752	791	792
  	753	792	793
  	754	793	794
  	755	794	795
  	756	795	796
  	757	796	797
  	758	797	798
  	759	798	799
  	760	799	800
  	761	801	802
  	762	802	803
  	763	803	804
  	764	804	805
  	765	805	806
  	766	806	807
  	767	807	808
  	768	808	809
  	769	809	810
  	770	810	811
  	771	811	812
  	772	812	813
  	773	813	814
  	774	814	815
  	775	815	816
  	776	816	817
  	777	817	818
  	778	818	819
  	779	819	820
  	780	821	822
  	781	822	823
  	782	823	824
  	783	824	825
  	784	825	826
  	785	826	827
  	786	827	828
  	787	828	829
  	788	829	830
  	789	830	831
  	790	831	832
  	791	832	833
  	792	833	834
  	793	834	835
  	794	835	836
  	795	836	837
  	796	837	838
  	797	838	839
  	798	839	840
  	799	841	842
  	800	842	843
  	801	843	844
  	802	844	845
  	803	845	846
  	804	846	847
  	805	847	848
  	806	848	849
  	807	849	850
  	808	850	851
  	809	851	852
  	810	852	853
  	811	853	854
  	812	854	855
  	813	855	856
  	814	856	857
  	815	857	858
  	816	858	859
  	817	859	860
  	818	861	862
  	819	862	863
  	820	863	864
  	821	864	865
  	822	865	866
  	823	866	867
  	824	867	868
  	825	868	869
  	826	869	870
  	827	870	871
  	828	871	872
  	829	872	873
  	830	873	874
  	831	874	875
  	832	875	876
  	833	876	877
  	834	877	878
  	835	878	879
  	836	879	880
  	837	881	882
  	838	882	883
  	839	883	884
  	840	884	885
  	841	885	886
  	842	886	887
  	843	887	888
  	844	888	889
  	845	889	890
  	846	890	891
  	847	891	892
  	848	892	893
  	849	893	894
  	850	894	895
  	851	895	896
  	852	896	897
  	853	897	898
  	854	898	899
  	855	899	900
  	856	901	902
  	857	902	903
  	858	903	904
  	859	904	905
  	860	905	906
  	861	906	907
  	862	907	908
  	863	908	909
  	864	909	910
  	865	910	911
  	866	911	912
  	867	912	913
  	868	913	914
  	869	914	915
  	870	915	916
  	871	916	917
  	872	917	918
  	873	918	919
  	874	919	920
  	875	921	922
  	876	922	923
  	877	923	924
  	878	924	925
  	879	925	926
  	880	926	927
  	881	927	928
  	882	928	929
  	883	929	930
  	884	930	931
  	885	931	932
  	886	932	933
  	887	933	934
  	888	934	935
  	889	935	936
  	890	936	937
  	891	937	938
  	892	938	939
  	893	939	940
  	894	941	942
  	895	942	943
  	896	943	944
  	897	944	945
  	898	945	946
  	899	946	947
  	900	947	948
  	901	948	949
  	902	949	950
  	903	950	951
  	904	951	952
  	905	952	953
  	906	953	954
  	907	954	955
  	908	955	956
  	909	956	957
  	910	957	958
  	911	958	959
  	912	959	960
  	913	961	962
  	914	962	963
  	915	963	964
  	916	964	965
  	917	965	966
  	918	966	967
  	919	967	968
  	920	968	969
  	921	969	970
  	922	970	971
  	923	971	972
  	924	972	973
  	925	973	974
  	926	974	975
  	927	975	976
  	928	976	977
  	929	977	978
  	930	978	979
  	931	979	980
  	932	981	982
  	933	982	983
  	934	983	984
  	935	984	985
  	936	985	986
  	937	986	987
  	938	987	988
  	939	988	989
  	940	989	990
  	941	990	991
  	942	991	992
  	943	992	993
  	944	993	994
  	945	994	995
  	946	995	996
  	947	996	997
  	948	997	998
  	949	998	999
  	950	999	1000
  	951	1001	1002
  	952	1002	1003
  	953	1003	1004
  	954	1004	1005
  	955	1005	1006
  	956	1006	1007
  	957	1007	1008
  	958	1008	1009
  	959	1009	1010
  	960	1010	1011
  	961	1011	1012
  	962	1012	1013
  	963	1013	1014
  	964	1014	1015
  	965	1015	1016
  	966	1016	1017
  	967	1017	1018
  	968	1018	1019
  	969	1019	1020
  	970	1021	1022
  	971	1022	1023
  	972	1023	1024
  	973	1024	1025
  	974	1025	1026
  	975	1026	1027
  	976	1027	1028
  	977	1028	1029
  	978	1029	1030
  	979	1030	1031
  	980	1031	1032
  	981	1032	1033
  	982	1033	1034
  	983	1034	1035
  	984	1035	1036
  	985	1036	1037
  	986	1037	1038
  	987	1038	1039
  	988	1039	1040
  	989	1041	1042
  	990	1042	1043
  	991	1043	1044
  	992	1044	1045
  	993	1045	1046
  	994	1046	1047
  	995	1047	1048
  	996	1048	1049
  	997	1049	1050
  	998	1050	1051
  	999	1051	1052
  	1000	1052	1053
  	1001	1053	1054
  	1002	1054	1055
  	1003	1055	1056
  	1004	1056	1057
  	1005	1057	1058
  	1006	1058	1059
  	1007	1059	1060
  	1008	1061	1062
  	1009	1062	1063
  	1010	1063	1064
  	1011	1064	1065
  	1012	1065	1066
  	1013	1066	1067
  	1014	1067	1068
  	1015	1068	1069
  	1016	1069	1070
  	1017	1070	1071
  	1018	1071	1072
  	1019	1072	1073
  	1020	1073	1074
  	1021	1074	1075
  	1022	1075	1076
  	1023	1076	1077
  	1024	1077	1078
  	1025	1078	1079
  	1026	1079	1080
  	1027	1081	1082
  	1028	1082	1083
  	1029	1083	1084
  	1030	1084	1085
  	1031	1085	1086
  	1032	1086	1087
  	1033	1087	1088
  	1034	1088	1089
  	1035	1089	1090
  	1036	1090	1091
  	1037	1091	1092
  	1038	1092	1093
  	1039	1093	1094
  	1040	1094	1095
  	1041	1095	1096
  	1042	1096	1097
  	1043	1097	1098
  	1044	1098	1099
  	1045	1099	1100
  	1046	1101	1102
  	1047	1102	1103
  	1048	1103	1104
  	1049	1104	1105
  	1050	1105	1106
  	1051	1106	1107
  	1052	1107	1108
  	1053	1108	1109
  	1054	1109	1110
  	1055	1110	1111
  	1056	1111	1112
  	1057	1112	1113
  	1058	1113	1114
  	1059	1114	1115
  	1060	1115	1116
  	1061	1116	1117
  	1062	1117	1118
  	1063	1118	1119
  	1064	1119	1120
  	1065	1121	1122
  	1066	1122	1123
  	1067	1123	1124
  	1068	1124	1125
  	1069	1125	1126
  	1070	1126	1127
  	1071	1127	1128
  	1072	1128	1129
  	1073	1129	1130
  	1074	1130	1131
  	1075	1131	1132
  	1076	1132	1133
  	1077	1133	1134
  	1078	1134	1135
  	1079	1135	1136
  	1080	1136	1137
  	1081	1137	1138
  	1082	1138	1139
  	1083	1139	1140
  	1084	1141	1142
  	1085	1142	1143
  	1086	1143	1144
  	1087	1144	1145
  	1088	1145	1146
  	1089	1146	1147
  	1090	1147	1148
  	1091	1148	1149
  	1092	1149	1150
  	1093	1150	1151
  	1094	1151	1152
  	1095	1152	1153
  	1096	1153	1154
  	1097	1154	1155
  	1098	1155	1156
  	1099	1156	1157
  	1100	1157	1158
  	1101	1158	1159
  	1102	1159	1160
  	1103	1161	1162
  	1104	1162	1163
  	1105	1163	1164
  	1106	1164	1165
  	1107	1165	1166
  	1108	1166	1167
  	1109	1167	1168
  	1110	1168	1169
  	1111	1169	1170
  	1112	1170	1171
  	1113	1171	1172
  	1114	1172	1173
  	1115	1173	1174
  	1116	1174	1175
  	1117	1175	1176
  	1118	1176	1177
  	1119	1177	1178
  	1120	1178	1179
  	1121	1179	1180
  	1122	1181	1182
  	1123	1182	1183
  	1124	1183	1184
  	1125	1184	1185
  	1126	1185	1186
  	1127	1186	1187
  	1128	1187	1188
  	1129	1188	1189
  	1130	1189	1190
  	1131	1190	1191
  	1132	1191	1192
  	1133	1192	1193
  	1134	1193	1194
  	1135	1194	1195
  	1136	1195	1196
  	1137	1196	1197
  	1138	1197	1198
  	1139	1198	1199
  	1140	1199	1200
  	1141	1201	1202
  	1142	1202	1203
  	1143	1203	1204
  	1144	1204	1205
  	1145	1205	1206
  	1146	1206	1207
  	1147	1207	1208
  	1148	1208	1209
  	1149	1209	1210
  	1150	1210	1211
  	1151	1211	1212
  	1152	1212	1213
  	1153	1213	1214
  	1154	1214	1215
  	1155	1215	1216
  	1156	1216	1217
  	1157	1217	1218
  	1158	1218	1219
  	1159	1219	1220
  	1160	1221	1222
  	1161	1222	1223
  	1162	1223	1224
  	1163	1224	1225
  	1164	1225	1226
  	1165	1226	1227
  	1166	1227	1228
  	1167	1228	1229
  	1168	1229	1230
  	1169	1230	1231
  	1170	1231	1232
  	1171	1232	1233
  	1172	1233	1234
  	1173	1234	1235
  	1174	1235	1236
  	1175	1236	1237
  	1176	1237	1238
  	1177	1238	1239
  	1178	1239	1240
  	1179	1241	1242
  	1180	1242	1243
  	1181	1243	1244
  	1182	1244	1245
  	1183	1245	1246
  	1184	1246	1247
  	1185	1247	1248
  	1186	1248	1249
  	1187	1249	1250
  	1188	1250	1251
  	1189	1251	1252
  	1190	1252	1253
  	1191	1253	1254
  	1192	1254	1255
  	1193	1255	1256
  	1194	1256	1257
  	1195	1257	1258
  	1196	1258	1259
  	1197	1259	1260
  	1198	1261	1262
  	1199	1262	1263
  	1200	1263	1264
  	1201	1264	1265
  	1202	1265	1266
  	1203	1266	1267
  	1204	1267	1268
  	1205	1268	1269
  	1206	1269	1270
  	1207	1270	1271
  	1208	1271	1272
  	1209	1272	1273
  	1210	1273	1274
  	1211	1274	1275
  	1212	1275	1276
  	1213	1276	1277
  	1214	1277	1278
  	1215	1278	1279
  	1216	1279	1280
  	1217	1281	1282
  	1218	1282	1283
  	1219	1283	1284
  	1220	1284	1285
  	1221	1285	1286
  	1222	1286	1287
  	1223	1287	1288
  	1224	1288	1289
  	1225	1289	1290
  	1226	1290	1291
  	1227	1291	1292
  	1228	1292	1293
  	1229	1293	1294
  	1230	1294	1295
  	1231	1295	1296
  	1232	1296	1297
  	1233	1297	1298
  	1234	1298	1299
  	1235	1299	1300
  	1236	1301	1302
  	1237	1302	1303
  	1238	1303	1304
  	1239	1304	1305
  	1240	1305	1306
  	1241	1306	1307
  	1242	1307	1308
  	1243	1308	1309
  	1244	1309	1310
  	1245	1310	1311
  	1246	1311	1312
  	1247	1312	1313
  	1248	1313	1314
  	1249	1314	1315
  	1250	1315	1316
  	1251	1316	1317
  	1252	1317	1318
  	1253	1318	1319
  	1254	1319	1320
  	1255	1321	1322
  	1256	1322	1323
  	1257	1323	1324
  	1258	1324	1325
  	1259	1325	1326
  	1260	1326	1327
  	1261	1327	1328
  	1262	1328	1329
  	1263	1329	1330
  	1264	1330	1331
  	1265	1331	1332
  	1266	1332	1333
  	1267	1333	1334
  	1268	1334	1335
  	1269	1335	1336
  	1270	1336	1337
  	1271	1337	1338
  	1272	1338	1339
  	1273	1339	1340
  	1274	1341	1342
  	1275	1342	1343
  	1276	1343	1344
  	1277	1344	1345
  	1278	1345	1346
  	1279	1346	1347
  	1280	1347	1348
  	1281	1348	1349
  	1282	1349	1350
  	1283	1350	1351
  	1284	1351	1352
  	1285	1352	1353
  	1286	1353	1354
  	1287	1354	1355
  	1288	1355	1356
  	1289	1356	1357
  	1290	1357	1358
  	1291	1358	1359
  	1292	1359	1360
  	1293	1361	1362
  	1294	1362	1363
  	1295	1363	1364
  	1296	1364	1365
  	1297	1365	1366
  	1298	1366	1367
  	1299	1367	1368
  	1300	1368	1369
  	1301	1369	1370
  	1302	1370	1371
  	1303	1371	1372
  	1304	1372	1373
  	1305	1373	1374
  	1306	1374	1375
  	1307	1375	1376
  	1308	1376	1377
  	1309	1377	1378
  	1310	1378	1379
  	1311	1379	1380
  	1312	1381	1382
  	1313	1382	1383
  	1314	1383	1384
  	1315	1384	1385
  	1316	1385	1386
  	1317	1386	1387
  	1318	1387	1388
  	1319	1388	1389
  	1320	1389	1390
  	1321	1390	1391
  	1322	1391	1392
  	1323	1392	1393
  	1324	1393	1394
  	1325	1394	1395
  	1326	1395	1396
  	1327	1396	1397
  	1328	1397	1398
  	1329	1398	1399
  	1330	1399	1400
  	1331	1401	1402
  	1332	1402	1403
  	1333	1403	1404
  	1334	1404	1405
  	1335	1405	1406
  	1336	1406	1407
  	1337	1407	1408
  	1338	1408	1409
  	1339	1409	1410
  	1340	1410	1411
  	1341	1411	1412
  	1342	1412	1413
  	1343	1413	1414
  	1344	1414	1415
  	1345	1415	1416
  	1346	1416	1417
  	1347	1417	1418
  	1348	1418	1419
  	1349	1419	1420
  	1350	1421	1422
  	1351	1422	1423
  	1352	1423	1424
  	1353	1424	1425
  	1354	1425	1426
  	1355	1426	1427
  	1356	1427	1428
  	1357	1428	1429
  	1358	1429	1430
  	1359	1430	1431
  	1360	1431	1432
  	1361	1432	1433
  	1362	1433	1434
  	1363	1434	1435
  	1364	1435	1436
  	1365	1436	1437
  	1366	1437	1438
  	1367	1438	1439
  	1368	1439	1440
  	1369	1441	1442
  	1370	1442	1443
  	1371	1443	1444
  	1372	1444	1445
  	1373	1445	1446
  	1374	1446	1447
  	1375	1447	1448
  	1376	1448	1449
  	1377	1449	1450
  	1378	1450	1451
  	1379	1451	1452
  	1380	1452	1453
  	1381	1453	1454
  	1382	1454	1455
  	1383	1455	1456
  	1384	1456	1457
  	1385	1457	1458
  	1386	1458	1459
  	1387	1459	1460
  	1388	1461	1462
  	1389	1462	1463
  	1390	1463	1464
  	1391	1464	1465
  	1392	1465	1466
  	1393	1466	1467
  	1394	1467	1468
  	1395	1468	1469
  	1396	1469	1470
  	1397	1470	1471
  	1398	1471	1472
  	1399	1472	1473
  	1400	1473	1474
  	1401	1474	1475
  	1402	1475	1476
  	1403	1476	1477
  	1404	1477	1478
  	1405	1478	1479
  	1406	1479	1480
  	1407	1481	1482
  	1408	1482	1483
  	1409	1483	1484
  	1410	1484	1485
  	1411	1485	1486
  	1412	1486	1487
  	1413	1487	1488
  	1414	1488	1489
  	1415	1489	1490
  	1416	1490	1491
  	1417	1491	1492
  	1418	1492	1493
  	1419	1493	1494
  	1420	1494	1495
  	1421	1495	1496
  	1422	1496	1497
  	1423	1497	1498
  	1424	1498	1499
  	1425	1499	1500
  	1426	1501	1502
  	1427	1502	1503
  	1428	1503	1504
  	1429	1504	1505
  	1430	1505	1506
  	1431	1506	1507
  	1432	1507	1508
  	1433	1508	1509
  	1434	1509	1510
  	1435	1510	1511
  	1436	1511	1512
  	1437	1512	1513
  	1438	1513	1514
  	1439	1514	1515
  	1440	1515	1516
  	1441	1516	1517
  	1442	1517	1518
  	1443	1518	1519
  	1444	1519	1520
  	1445	1521	1522
  	1446	1522	1523
  	1447	1523	1524
  	1448	1524	1525
  	1449	1525	1526
  	1450	1526	1527
  	1451	1527	1528
  	1452	1528	1529
  	1453	1529	1530
  	1454	1530	1531
  	1455	1531	1532
  	1456	1532	1533
  	1457	1533	1534
  	1458	1534	1535
  	1459	1535	1536
  	1460	1536	1537
  	1461	1537	1538
  	1462	1538	1539
  	1463	1539	1540
  	1464	1541	1542
  	1465	1542	1543
  	1466	1543	1544
  	1467	1544	1545
  	1468	1545	1546
  	1469	1546	1547
  	1470	1547	1548
  	1471	1548	1549
  	1472	1549	1550
  	1473	1550	1551
  	1474	1551	1552
  	1475	1552	1553
  	1476	1553	1554
  	1477	1554	1555
  	1478	1555	1556
  	1479	1556	1557
  	1480	1557	1558
  	1481	1558	1559
  	1482	1559	1560
  	1483	1561	1562
  	1484	1562	1563
  	1485	1563	1564
  	1486	1564	1565
  	1487	1565	1566
  	1488	1566	1567
  	1489	1567	1568
  	1490	1568	1569
  	1491	1569	1570
  	1492	1570	1571
  	1493	1571	1572
  	1494	1572	1573
  	1495	1573	1574
  	1496	1574	1575
  	1497	1575	1576
  	1498	1576	1577
  	1499	1577	1578
  	1500	1578	1579
  	1501	1579	1580
  	1502	1581	1582
  	1503	1582	1583
  	1504	1583	1584
  	1505	1584	1585
  	1506	1585	1586
  	1507	1586	1587
  	1508	1587	1588
  	1509	1588	1589
  	1510	1589	1590
  	1511	1590	1591
  	1512	1591	1592
  	1513	1592	1593
  	1514	1593	1594
  	1515	1594	1595
  	1516	1595	1596
  	1517	1596	1597
  	1518	1597	1598
  	1519	1598	1599
  	1520	1599	1600
  	1521	1601	1602
  	1522	1602	1603
  	1523	1603	1604
  	1524	1604	1605
  	1525	1605	1606
  	1526	1606	1607
  	1527	1607	1608
  	1528	1608	1609
  	1529	1609	1610
  	1530	1610	1611
  	1531	1611	1612
  	1532	1612	1613
  	1533	1613	1614
  	1534	1614	1615
  	1535	1615	1616
  	1536	1616	1617
  	1537	1617	1618
  	1538	1618	1619
  	1539	1619	1620
  	1540	1621	1622
  	1541	1622	1623
  	1542	1623	1624
  	1543	1624	1625
  	1544	1625	1626
  	1545	1626	1627
  	1546	1627	1628
  	1547	1628	1629
  	1548	1629	1630
  	1549	1630	1631
  	1550	1631	1632
  	1551	1632	1633
  	1552	1633	1634
  	1553	1634	1635
  	1554	1635	1636
  	1555	1636	1637
  	1556	1637	1638
  	1557	1638	1639
  	1558	1639	1640
  	1559	1641	1642
  	1560	1642	1643
  	1561	1643	1644
  	1562	1644	1645
  	1563	1645	1646
  	1564	1646	1647
  	1565	1647	1648
  	1566	1648	1649
  	1567	1649	1650
  	1568	1650	1651
  	1569	1651	1652
  	1570	1652	1653
  	1571	1653	1654
  	1572	1654	1655
  	1573	1655	1656
  	1574	1656	1657
  	1575	1657	1658
  	1576	1658	1659
  	1577	1659	1660
  	1578	1661	1662
  	1579	1662	1663
  	1580	1663	1664
  	1581	1664	1665
  	1582	1665	1666
  	1583	1666	1667
  	1584	1667	1668
  	1585	1668	1669
  	1586	1669	1670
  	1587	1670	1671
  	1588	1671	1672
  	1589	1672	1673
  	1590	1673	1674
  	1591	1674	1675
  	1592	1675	1676
  	1593	1676	1677
  	1594	1677	1678
  	1595	1678	1679
  	1596	1679	1680
  	1597	1681	1682
  	1598	1682	1683
  	1599	1683	1684
  	1600	1684	1685
  	1601	1685	1686
  	1602	1686	1687
  	1603	1687	1688
  	1604	1688	1689
  	1605	1689	1690
  	1606	1690	1691
  	1607	1691	1692
  	1608	1692	1693
  	1609	1693	1694
  	1610	1694	1695
  	1611	1695	1696
  	1612	1696	1697
  	1613	1697	1698
  	1614	1698	1699
  	1615	1699	1700
  	1616	1701	1702
  	1617	1702	1703
  	1618	1703	1704
  	1619	1704	1705
  	1620	1705	1706
  	1621	1706	1707
  	1622	1707	1708
  	1623	1708	1709
  	1624	1709	1710
  	1625	1710	1711
  	1626	1711	1712
  	1627	1712	1713
  	1628	1713	1714
  	1629	1714	1715
  	1630	1715	1716
  	1631	1716	1717
  	1632	1717	1718
  	1633	1718	1719
  	1634	1719	1720
  	1635	1721	1722
  	1636	1722	1723
  	1637	1723	1724
  	1638	1724	1725
  	1639	1725	1726
  	1640	1726	1727
  	1641	1727	1728
  	1642	1728	1729
  	1643	1729	1730
  	1644	1730	1731
  	1645	1731	1732
  	1646	1732	1733
  	1647	1733	1734
  	1648	1734	1735
  	1649	1735	1736
  	1650	1736	1737
  	1651	1737	1738
  	1652	1738	1739
  	1653	1739	1740
  	1654	1741	1742
  	1655	1742	1743
  	1656	1743	1744
  	1657	1744	1745
  	1658	1745	1746
  	1659	1746	1747
  	1660	1747	1748
  	1661	1748	1749
  	1662	1749	1750
  	1663	1750	1751
  	1664	1751	1752
  	1665	1752	1753
  	1666	1753	1754
  	1667	1754	1755
  	1668	1755	1756
  	1669	1756	1757
  	1670	1757	1758
  	1671	1758	1759
  	1672	1759	1760
  	1673	1761	1762
  	1674	1762	1763
  	1675	1763	1764
  	1676	1764	1765
  	1677	1765	1766
  	1678	1766	1767
  	1679	1767	1768
  	1680	1768	1769
  	1681	1769	1770
  	1682	1770	1771
  	1683	1771	1772
  	1684	1772	1773
  	1685	1773	1774
  	1686	1774	1775
  	1687	1775	1776
  	1688	1776	1777
  	1689	1777	1778
  	1690	1778	1779
  	1691	1779	1780
  	1692	1781	1782
  	1693	1782	1783
  	1694	1783	1784
  	1695	1784	1785
  	1696	1785	1786
  	1697	1786	1787
  	1698	1787	1788
  	1699	1788	1789
  	1700	1789	1790
  	1701	1790	1791
  	1702	1791	1792
  	1703	1792	1793
  	1704	1793	1794
  	1705	1794	1795
  	1706	1795	1796
  	1707	1796	1797
  	1708	1797	1798
  	1709	1798	1799
  	1710	1799	1800
  	1711	1801	1802
  	1712	1802	1803
  	1713	1803	1804
  	1714	1804	1805
  	1715	1805	1806
  	1716	1806	1807
  	1717	1807	1808
  	1718	1808	1809
  	1719	1809	1810
  	1720	1810	1811
  	1721	1811	1812
  	1722	1812	1813
  	1723	1813	1814
  	1724	1814	1815
  	1725	1815	1816
  	1726	1816	1817
  	1727	1817	1818
  	1728	1818	1819
  	1729	1819	1820
  	1730	1821	1822
  	1731	1822	1823
  	1732	1823	1824
  	1733	1824	1825
  	1734	1825	1826
  	1735	1826	1827
  	1736	1827	1828
  	1737	1828	1829
  	1738	1829	1830
  	1739	1830	1831
  	1740	1831	1832
  	1741	1832	1833
  	1742	1833	1834
  	1743	1834	1835
  	1744	1835	1836
  	1745	1836	1837
  	1746	1837	1838
  	1747	1838	1839
  	1748	1839	1840
  	1749	1841	1842
  	1750	1842	1843
  	1751	1843	1844
  	1752	1844	1845
  	1753	1845	1846
  	1754	1846	1847
  	1755	1847	1848
  	1756	1848	1849
  	1757	1849	1850
  	1758	1850	1851
  	1759	1851	1852
  	1760	1852	1853
  	1761	1853	1854
  	1762	1854	1855
  	1763	1855	1856
  	1764	1856	1857
  	1765	1857	1858
  	1766	1858	1859
  	1767	1859	1860
  	1768	1861	1862
  	1769	1862	1863
  	1770	1863	1864
  	1771	1864	1865
  	1772	1865	1866
  	1773	1866	1867
  	1774	1867	1868
  	1775	1868	1869
  	1776	1869	1870
  	1777	1870	1871
  	1778	1871	1872
  	1779	1872	1873
  	1780	1873	1874
  	1781	1874	1875
  	1782	1875	1876
  	1783	1876	1877
  	1784	1877	1878
  	1785	1878	1879
  	1786	1879	1880
  	1787	1881	1882
  	1788	1882	1883
  	1789	1883	1884
  	1790	1884	1885
  	1791	1885	1886
  	1792	1886	1887
  	1793	1887	1888
  	1794	1888	1889
  	1795	1889	1890
  	1796	1890	1891
  	1797	1891	1892
  	1798	1892	1893
  	1799	1893	1894
  	1800	1894	1895
  	1801	1895	1896
  	1802	1896	1897
  	1803	1897	1898
  	1804	1898	1899
  	1805	1899	1900
  	1806	1901	1902
  	1807	1902	1903
  	1808	1903	1904
  	1809	1904	1905
  	1810	1905	1906
  	1811	1906	1907
  	1812	1907	1908
  	1813	1908	1909
  	1814	1909	1910
  	1815	1910	1911
  	1816	1911	1912
  	1817	1912	1913
  	1818	1913	1914
  	1819	1914	1915
  	1820	1915	1916
  	1821	1916	1917
  	1822	1917	1918
  	1823	1918	1919
  	1824	1919	1920
  	1825	1921	1922
  	1826	1922	1923
  	1827	1923	1924
  	1828	1924	1925
  	1829	1925	1926
  	1830	1926	1927
  	1831	1927	1928
  	1832	1928	1929
  	1833	1929	1930
  	1834	1930	1931
  	1835	1931	1932
  	1836	1932	1933
  	1837	1933	1934
  	1838	1934	1935
  	1839	1935	1936
  	1840	1936	1937
  	1841	1937	1938
  	1842	1938	1939
  	1843	1939	1940
  	1844	1941	1942
  	1845	1942	1943
  	1846	1943	1944
  	1847	1944	1945
  	1848	1945	1946
  	1849	1946	1947
  	1850	1947	1948
  	1851	1948	1949
  	1852	1949	1950
  	1853	1950	1951
  	1854	1951	1952
  	1855	1952	1953
  	1856	1953	1954
  	1857	1954	1955
  	1858	1955	1956
  	1859	1956	1957
  	1860	1957	1958
  	1861	1958	1959
  	1862	1959	1960
  	1863	1961	1962
  	1864	1962	1963
  	1865	1963	1964
  	1866	1964	1965
  	1867	1965	1966
  	1868	1966	1967
  	1869	1967	1968
  	1870	1968	1969
  	1871	1969	1970
  	1872	1970	1971
  	1873	1971	1972
  	1874	1972	1973
  	1875	1973	1974
  	1876	1974	1975
  	1877	1975	1976
  	1878	1976	1977
  	1879	1977	1978
  	1880	1978	1979
  	1881	1979	1980
  	1882	1981	1982
  	1883	1982	1983
  	1884	1983	1984
  	1885	1984	1985
  	1886	1985	1986
  	1887	1986	1987
  	1888	1987	1988
  	1889	1988	1989
  	1890	1989	1990
  	1891	1990	1991
  	1892	1991	1992
  	1893	1992	1993
  	1894	1993	1994
  	1895	1994	1995
  	1896	1995	1996
  	1897	1996	1997
  	1898	1997	1998
  	1899	1998	1999
  	1900	1999	2000
  	1901	2001	2002
  	1902	2002	2003
  	1903	2003	2004
  	1904	2004	2005
  	1905	2005	2006
  	1906	2006	2007
  	1907	2007	2008
  	1908	2008	2009
  	1909	2009	2010
  	1910	2010	2011
  	1911	2011	2012
  	1912	2012	2013
  	1913	2013	2014
  	1914	2014	2015
  	1915	2015	2016
  	1916	2016	2017
  	1917	2017	2018
  	1918	2018	2019
  	1919	2019	2020
  	1920	2021	2022
  	1921	2022	2023
  	1922	2023	2024
  	1923	2024	2025
  	1924	2025	2026
  	1925	2026	2027
  	1926	2027	2028
  	1927	2028	2029
  	1928	2029	2030
  	1929	2030	2031
  	1930	2031	2032
  	1931	2032	2033
  	1932	2033	2034
  	1933	2034	2035
  	1934	2035	2036
  	1935	2036	2037
  	1936	2037	2038
  	1937	2038	2039
  	1938	2039	2040
  	1939	2041	2042
  	1940	2042	2043
  	1941	2043	2044
  	1942	2044	2045
  	1943	2045	2046
  	1944	2046	2047
  	1945	2047	2048
  	1946	2048	2049
  	1947	2049	2050
  	1948	2050	2051
  	1949	2051	2052
  	1950	2052	2053
  	1951	2053	2054
  	1952	2054	2055
  	1953	2055	2056
  	1954	2056	2057
  	1955	2057	2058
  	1956	2058	2059
  	1957	2059	2060
  	1958	2061	2062
  	1959	2062	2063
  	1960	2063	2064
  	1961	2064	2065
  	1962	2065	2066
  	1963	2066	2067
  	1964	2067	2068
  	1965	2068	2069
  	1966	2069	2070
  	1967	2070	2071
  	1968	2071	2072
  	1969	2072	2073
  	1970	2073	2074
  	1971	2074	2075
  	1972	2075	2076
  	1973	2076	2077
  	1974	2077	2078
  	1975	2078	2079
  	1976	2079	2080
  	1977	2081	2082
  	1978	2082	2083
  	1979	2083	2084
  	1980	2084	2085
  	1981	2085	2086
  	1982	2086	2087
  	1983	2087	2088
  	1984	2088	2089
  	1985	2089	2090
  	1986	2090	2091
  	1987	2091	2092
  	1988	2092	2093
  	1989	2093	2094
  	1990	2094	2095
  	1991	2095	2096
  	1992	2096	2097
  	1993	2097	2098
  	1994	2098	2099
  	1995	2099	2100
  	1996	2101	2102
  	1997	2102	2103
  	1998	2103	2104
  	1999	2104	2105
  	2000	2105	2106
  	2001	2106	2107
  	2002	2107	2108
  	2003	2108	2109
  	2004	2109	2110
  	2005	2110	2111
  	2006	2111	2112
  	2007	2112	2113
  	2008	2113	2114
  	2009	2114	2115
  	2010	2115	2116
  	2011	2116	2117
  	2012	2117	2118
  	2013	2118	2119
  	2014	2119	2120
  	2015	2121	2122
  	2016	2122	2123
  	2017	2123	2124
  	2018	2124	2125
  	2019	2125	2126
  	2020	2126	2127
  	2021	2127	2128
  	2022	2128	2129
  	2023	2129	2130
  	2024	2130	2131
  	2025	2131	2132
  	2026	2132	2133
  	2027	2133	2134
  	2028	2134	2135
  	2029	2135	2136
  	2030	2136	2137
  	2031	2137	2138
  	2032	2138	2139
  	2033	2139	2140
  	2034	2141	2142
  	2035	2142	2143
  	2036	2143	2144
  	2037	2144	2145
  	2038	2145	2146
  	2039	2146	2147
  	2040	2147	2148
  	2041	2148	2149
  	2042	2149	2150
  	2043	2150	2151
  	2044	2151	2152
  	2045	2152	2153
  	2046	2153	2154
  	2047	2154	2155
  	2048	2155	2156
  	2049	2156	2157
  	2050	2157	2158
  	2051	2158	2159
  	2052	2159	2160
  	2053	2161	2162
  	2054	2162	2163
  	2055	2163	2164
  	2056	2164	2165
  	2057	2165	2166
  	2058	2166	2167
  	2059	2167	2168
  	2060	2168	2169
  	2061	2169	2170
  	2062	2170	2171
  	2063	2171	2172
  	2064	2172	2173
  	2065	2173	2174
  	2066	2174	2175
  	2067	2175	2176
  	2068	2176	2177
  	2069	2177	2178
  	2070	2178	2179
  	2071	2179	2180
  	2072	2181	2182
  	2073	2182	2183
  	2074	2183	2184
  	2075	2184	2185
  	2076	2185	2186
  	2077	2186	2187
  	2078	2187	2188
  	2079	2188	2189
  	2080	2189	2190
  	2081	2190	2191
  	2082	2191	2192
  	2083	2192	2193
  	2084	2193	2194
  	2085	2194	2195
  	2086	2195	2196
  	2087	2196	2197
  	2088	2197	2198
  	2089	2198	2199
  	2090	2199	2200
  	2091	2201	2202
  	2092	2202	2203
  	2093	2203	2204
  	2094	2204	2205
  	2095	2205	2206
  	2096	2206	2207
  	2097	2207	2208
  	2098	2208	2209
  	2099	2209	2210
  	2100	2210	2211
  	2101	2211	2212
  	2102	2212	2213
  	2103	2213	2214
  	2104	2214	2215
  	2105	2215	2216
  	2106	2216	2217
  	2107	2217	2218
  	2108	2218	2219
  	2109	2219	2220
  	2110	2221	2222
  	2111	2222	2223
  	2112	2223	2224
  	2113	2224	2225
  	2114	2225	2226
  	2115	2226	2227
  	2116	2227	2228
  	2117	2228	2229
  	2118	2229	2230
  	2119	2230	2231
  	2120	2231	2232
  	2121	2232	2233
  	2122	2233	2234
  	2123	2234	2235
  	2124	2235	2236
  	2125	2236	2237
  	2126	2237	2238
  	2127	2238	2239
  	2128	2239	2240
  	2129	2241	2242
  	2130	2242	2243
  	2131	2243	2244
  	2132	2244	2245
  	2133	2245	2246
  	2134	2246	2247
  	2135	2247	2248
  	2136	2248	2249
  	2137	2249	2250
  	2138	2250	2251
  	2139	2251	2252
  	2140	2252	2253
  	2141	2253	2254
  	2142	2254	2255
  	2143	2255	2256
  	2144	2256	2257
  	2145	2257	2258
  	2146	2258	2259
  	2147	2259	2260
  	2148	2261	2262
  	2149	2262	2263
  	2150	2263	2264
  	2151	2264	2265
  	2152	2265	2266
  	2153	2266	2267
  	2154	2267	2268
  	2155	2268	2269
  	2156	2269	2270
  	2157	2270	2271
  	2158	2271	2272
  	2159	2272	2273
  	2160	2273	2274
  	2161	2274	2275
  	2162	2275	2276
  	2163	2276	2277
  	2164	2277	2278
  	2165	2278	2279
  	2166	2279	2280
  	2167	2281	2282
  	2168	2282	2283
  	2169	2283	2284
  	2170	2284	2285
  	2171	2285	2286
  	2172	2286	2287
  	2173	2287	2288
  	2174	2288	2289
  	2175	2289	2290
  	2176	2290	2291
  	2177	2291	2292
  	2178	2292	2293
  	2179	2293	2294
  	2180	2294	2295
  	2181	2295	2296
  	2182	2296	2297
  	2183	2297	2298
  	2184	2298	2299
  	2185	2299	2300
  	2186	2301	2302
  	2187	2302	2303
  	2188	2303	2304
  	2189	2304	2305
  	2190	2305	2306
  	2191	2306	2307
  	2192	2307	2308
  	2193	2308	2309
  	2194	2309	2310
  	2195	2310	2311
  	2196	2311	2312
  	2197	2312	2313
  	2198	2313	2314
  	2199	2314	2315
  	2200	2315	2316
  	2201	2316	2317
  	2202	2317	2318
  	2203	2318	2319
  	2204	2319	2320
  	2205	2321	2322
  	2206	2322	2323
  	2207	2323	2324
  	2208	2324	2325
  	2209	2325	2326
  	2210	2326	2327
  	2211	2327	2328
  	2212	2328	2329
  	2213	2329	2330
  	2214	2330	2331
  	2215	2331	2332
  	2216	2332	2333
  	2217	2333	2334
  	2218	2334	2335
  	2219	2335	2336
  	2220	2336	2337
  	2221	2337	2338
  	2222	2338	2339
  	2223	2339	2340
  	2224	2341	2342
  	2225	2342	2343
  	2226	2343	2344
  	2227	2344	2345
  	2228	2345	2346
  	2229	2346	2347
  	2230	2347	2348
  	2231	2348	2349
  	2232	2349	2350
  	2233	2350	2351
  	2234	2351	2352
  	2235	2352	2353
  	2236	2353	2354
  	2237	2354	2355
  	2238	2355	2356
  	2239	2356	2357
  	2240	2357	2358
  	2241	2358	2359
  	2242	2359	2360
  	2243	2361	2362
  	2244	2362	2363
  	2245	2363	2364
  	2246	2364	2365
  	2247	2365	2366
  	2248	2366	2367
  	2249	2367	2368
  	2250	2368	2369
  	2251	2369	2370
  	2252	2370	2371
  	2253	2371	2372
  	2254	2372	2373
  	2255	2373	2374
  	2256	2374	2375
  	2257	2375	2376
  	2258	2376	2377
  	2259	2377	2378
  	2260	2378	2379
  	2261	2379	2380
  	2262	2381	2382
  	2263	2382	2383
  	2264	2383	2384
  	2265	2384	2385
  	2266	2385	2386
  	2267	2386	2387
  	2268	2387	2388
  	2269	2388	2389
  	2270	2389	2390
  	2271	2390	2391
  	2272	2391	2392
  	2273	2392	2393
  	2274	2393	2394
  	2275	2394	2395
  	2276	2395	2396
  	2277	2396	2397
  	2278	2397	2398
  	2279	2398	2399
  	2280	2399	2400
  	2281	2401	2402
  	2282	2402	2403
  	2283	2403	2404
  	2284	2404	2405
  	2285	2405	2406
  	2286	2406	2407
  	2287	2407	2408
  	2288	2408	2409
  	2289	2409	2410
  	2290	2410	2411
  	2291	2411	2412
  	2292	2412	2413
  	2293	2413	2414
  	2294	2414	2415
  	2295	2415	2416
  	2296	2416	2417
  	2297	2417	2418
  	2298	2418	2419
  	2299	2419	2420
  	2300	2421	2422
  	2301	2422	2423
  	2302	2423	2424
  	2303	2424	2425
  	2304	2425	2426
  	2305	2426	2427
  	2306	2427	2428
  	2307	2428	2429
  	2308	2429	2430
  	2309	2430	2431
  	2310	2431	2432
  	2311	2432	2433
  	2312	2433	2434
  	2313	2434	2435
  	2314	2435	2436
  	2315	2436	2437
  	2316	2437	2438
  	2317	2438	2439
  	2318	2439	2440
  	2319	2441	2442
  	2320	2442	2443
  	2321	2443	2444
  	2322	2444	2445
  	2323	2445	2446
  	2324	2446	2447
  	2325	2447	2448
  	2326	2448	2449
  	2327	2449	2450
  	2328	2450	2451
  	2329	2451	2452
  	2330	2452	2453
  	2331	2453	2454
  	2332	2454	2455
  	2333	2455	2456
  	2334	2456	2457
  	2335	2457	2458
  	2336	2458	2459
  	2337	2459	2460
  	2338	2461	2462
  	2339	2462	2463
  	2340	2463	2464
  	2341	2464	2465
  	2342	2465	2466
  	2343	2466	2467
  	2344	2467	2468
  	2345	2468	2469
  	2346	2469	2470
  	2347	2470	2471
  	2348	2471	2472
  	2349	2472	2473
  	2350	2473	2474
  	2351	2474	2475
  	2352	2475	2476
  	2353	2476	2477
  	2354	2477	2478
  	2355	2478	2479
  	2356	2479	2480
  	2357	2481	2482
  	2358	2482	2483
  	2359	2483	2484
  	2360	2484	2485
  	2361	2485	2486
  	2362	2486	2487
  	2363	2487	2488
  	2364	2488	2489
  	2365	2489	2490
  	2366	2490	2491
  	2367	2491	2492
  	2368	2492	2493
  	2369	2493	2494
  	2370	2494	2495
  	2371	2495	2496
  	2372	2496	2497
  	2373	2497	2498
  	2374	2498	2499
  	2375	2499	2500
