1 2 1 2
2 2 2 3
3 2 3 4
4 2 4 5
5 2 5 6
6 2 6 7
7 2 7 8
8 1 8 9
9 3 9 10
10 3 10 11
11 3 11 12
12 3 12 13
13 3 13 14
14 3 14 15
15 3 15 16
16 3 16 17
17 3 17 18
18 3 18 19
19 3 19 20
20 6 20 21
21 4 21 22
22 4 22 23
23 4 23 24
24 4 24 25
25 4 25 26
26 2 27 28
27 2 28 29
28 2 29 30
29 2 30 31
30 2 31 32
31 2 32 33
32 2 33 34
33 1 34 35
34 3 35 36
35 3 36 37
36 3 37 38
37 3 38 39
38 3 39 40
39 3 40 41
40 3 41 42
41 3 42 43
42 3 43 44
43 3 44 45
44 3 45 46
45 6 46 47
46 4 47 48
47 4 48 49
48 4 49 50
49 4 50 51
50 4 51 52
51 2 53 54
52 2 54 55
53 2 55 56
54 2 56 57
55 2 57 58
56 2 58 59
57 2 59 60
58 1 60 61
59 3 61 62
60 3 62 63
61 3 63 64
62 3 64 65
63 3 65 66
64 3 66 67
65 3 67 68
66 3 68 69
67 3 69 70
68 3 70 71
69 3 71 72
70 6 72 73
71 4 73 74
72 4 74 75
73 4 75 76
74 4 76 77
75 4 77 78
76 2 79 80
77 2 80 81
78 2 81 82
79 2 82 83
80 2 83 84
81 2 84 85
82 2 85 86
83 1 86 87
84 3 87 88
85 3 88 89
86 3 89 90
87 3 90 91
88 3 91 92
89 3 92 93
90 3 93 94
91 3 94 95
92 3 95 96
93 3 96 97
94 3 97 98
95 6 98 99
96 4 99 100
97 4 100 101
98 4 101 102
99 4 102 103
100 4 103 104
101 2 105 106
102 2 106 107
103 2 107 108
104 2 108 109
105 2 109 110
106 2 110 111
107 2 111 112
108 1 112 113
109 3 113 114
110 3 114 115
111 3 115 116
112 3 116 117
113 3 117 118
114 3 118 119
115 3 119 120
116 3 120 121
117 3 121 122
118 3 122 123
119 3 123 124
120 6 124 125
121 4 125 126
122 4 126 127
123 4 127 128
124 4 128 129
125 4 129 130
126 2 131 132
127 2 132 133
128 2 133 134
129 2 134 135
130 2 135 136
131 2 136 137
132 2 137 138
133 1 138 139
134 3 139 140
135 3 140 141
136 3 141 142
137 3 142 143
138 3 143 144
139 3 144 145
140 3 145 146
141 3 146 147
142 3 147 148
143 3 148 149
144 3 149 150
145 6 150 151
146 4 151 152
147 4 152 153
148 4 153 154
149 4 154 155
150 4 155 156
151 2 157 158
152 2 158 159
153 2 159 160
154 2 160 161
155 2 161 162
156 2 162 163
157 2 163 164
158 1 164 165
159 3 165 166
160 3 166 167
161 3 167 168
162 3 168 169
163 3 169 170
164 3 170 171
165 3 171 172
166 3 172 173
167 3 173 174
168 3 174 175
169 3 175 176
170 6 176 177
171 4 177 178
172 4 178 179
173 4 179 180
174 4 180 181
175 4 181 182
176 2 183 184
177 2 184 185
178 2 185 186
179 2 186 187
180 2 187 188
181 2 188 189
182 2 189 190
183 1 190 191
184 3 191 192
185 3 192 193
186 3 193 194
187 3 194 195
188 3 195 196
189 3 196 197
190 3 197 198
191 3 198 199
192 3 199 200
193 3 200 201
194 3 201 202
195 6 202 203
196 4 203 204
197 4 204 205
198 4 205 206
199 4 206 207
200 4 207 208
201 2 209 210
202 2 210 211
203 2 211 212
204 2 212 213
205 2 213 214
206 2 214 215
207 2 215 216
208 1 216 217
209 3 217 218
210 3 218 219
211 3 219 220
212 3 220 221
213 3 221 222
214 3 222 223
215 3 223 224
216 3 224 225
217 3 225 226
218 3 226 227
219 3 227 228
220 6 228 229
221 4 229 230
222 4 230 231
223 4 231 232
224 4 232 233
225 4 233 234
226 2 235 236
227 2 236 237
228 2 237 238
229 2 238 239
230 2 239 240
231 2 240 241
232 2 241 242
233 1 242 243
234 3 243 244
235 3 244 245
236 3 245 246
237 3 246 247
238 3 247 248
239 3 248 249
240 3 249 250
241 3 250 251
242 3 251 252
243 3 252 253
244 3 253 254
245 6 254 255
246 4 255 256
247 4 256 257
248 4 257 258
249 4 258 259
250 4 259 260
251 2 261 262
252 2 262 263
253 2 263 264
254 2 264 265
255 2 265 266
256 2 266 267
257 2 267 268
258 1 268 269
259 3 269 270
260 3 270 271
261 3 271 272
262 3 272 273
263 3 273 274
264 3 274 275
265 3 275 276
266 3 276 277
267 3 277 278
268 3 278 279
269 3 279 280
270 6 280 281
271 4 281 282
272 4 282 283
273 4 283 284
274 4 284 285
275 4 285 286
276 2 287 288
277 2 288 289
278 2 289 290
279 2 290 291
280 2 291 292
281 2 292 293
282 2 293 294
283 1 294 295
284 3 295 296
285 3 296 297
286 3 297 298
287 3 298 299
288 3 299 300
289 3 300 301
290 3 301 302
291 3 302 303
292 3 303 304
293 3 304 305
294 3 305 306
295 6 306 307
296 4 307 308
297 4 308 309
298 4 309 310
299 4 310 311
300 4 311 312
301 2 313 314
302 2 314 315
303 2 315 316
304 2 316 317
305 2 317 318
306 2 318 319
307 2 319 320
308 1 320 321
309 3 321 322
310 3 322 323
311 3 323 324
312 3 324 325
313 3 325 326
314 3 326 327
315 3 327 328
316 3 328 329
317 3 329 330
318 3 330 331
319 3 331 332
320 6 332 333
321 4 333 334
322 4 334 335
323 4 335 336
324 4 336 337
325 4 337 338
326 2 339 340
327 2 340 341
328 2 341 342
329 2 342 343
330 2 343 344
331 2 344 345
332 2 345 346
333 1 346 347
334 3 347 348
335 3 348 349
336 3 349 350
337 3 350 351
338 3 351 352
339 3 352 353
340 3 353 354
341 3 354 355
342 3 355 356
343 3 356 357
344 3 357 358
345 6 358 359
346 4 359 360
347 4 360 361
348 4 361 362
349 4 362 363
350 4 363 364
351 2 365 366
352 2 366 367
353 2 367 368
354 2 368 369
355 2 369 370
356 2 370 371
357 2 371 372
358 1 372 373
359 3 373 374
360 3 374 375
361 3 375 376
362 3 376 377
363 3 377 378
364 3 378 379
365 3 379 380
366 3 380 381
367 3 381 382
368 3 382 383
369 3 383 384
370 6 384 385
371 4 385 386
372 4 386 387
373 4 387 388
374 4 388 389
375 4 389 390
376 2 391 392
377 2 392 393
378 2 393 394
379 2 394 395
380 2 395 396
381 2 396 397
382 2 397 398
383 1 398 399
384 3 399 400
385 3 400 401
386 3 401 402
387 3 402 403
388 3 403 404
389 3 404 405
390 3 405 406
391 3 406 407
392 3 407 408
393 3 408 409
394 3 409 410
395 6 410 411
396 4 411 412
397 4 412 413
398 4 413 414
399 4 414 415
400 4 415 416
401 2 417 418
402 2 418 419
403 2 419 420
404 2 420 421
405 2 421 422
406 2 422 423
407 2 423 424
408 1 424 425
409 3 425 426
410 3 426 427
411 3 427 428
412 3 428 429
413 3 429 430
414 3 430 431
415 3 431 432
416 3 432 433
417 3 433 434
418 3 434 435
419 3 435 436
420 6 436 437
421 4 437 438
422 4 438 439
423 4 439 440
424 4 440 441
425 4 441 442
426 2 443 444
427 2 444 445
428 2 445 446
429 2 446 447
430 2 447 448
431 2 448 449
432 2 449 450
433 1 450 451
434 3 451 452
435 3 452 453
436 3 453 454
437 3 454 455
438 3 455 456
439 3 456 457
440 3 457 458
441 3 458 459
442 3 459 460
443 3 460 461
444 3 461 462
445 6 462 463
446 4 463 464
447 4 464 465
448 4 465 466
449 4 466 467
450 4 467 468
451 2 469 470
452 2 470 471
453 2 471 472
454 2 472 473
455 2 473 474
456 2 474 475
457 2 475 476
458 1 476 477
459 3 477 478
460 3 478 479
461 3 479 480
462 3 480 481
463 3 481 482
464 3 482 483
465 3 483 484
466 3 484 485
467 3 485 486
468 3 486 487
469 3 487 488
470 6 488 489
471 4 489 490
472 4 490 491
473 4 491 492
474 4 492 493
475 4 493 494
476 2 495 496
477 2 496 497
478 2 497 498
479 2 498 499
480 2 499 500
481 2 500 501
482 2 501 502
483 1 502 503
484 3 503 504
485 3 504 505
486 3 505 506
487 3 506 507
488 3 507 508
489 3 508 509
490 3 509 510
491 3 510 511
492 3 511 512
493 3 512 513
494 3 513 514
495 6 514 515
496 4 515 516
497 4 516 517
498 4 517 518
499 4 518 519
500 4 519 520
501 2 521 522
502 2 522 523
503 2 523 524
504 2 524 525
505 2 525 526
506 2 526 527
507 2 527 528
508 1 528 529
509 3 529 530
510 3 530 531
511 3 531 532
512 3 532 533
513 3 533 534
514 3 534 535
515 3 535 536
516 3 536 537
517 3 537 538
518 3 538 539
519 3 539 540
520 6 540 541
521 4 541 542
522 4 542 543
523 4 543 544
524 4 544 545
525 4 545 546
526 2 547 548
527 2 548 549
528 2 549 550
529 2 550 551
530 2 551 552
531 2 552 553
532 2 553 554
533 1 554 555
534 3 555 556
535 3 556 557
536 3 557 558
537 3 558 559
538 3 559 560
539 3 560 561
540 3 561 562
541 3 562 563
542 3 563 564
543 3 564 565
544 3 565 566
545 6 566 567
546 4 567 568
547 4 568 569
548 4 569 570
549 4 570 571
550 4 571 572
551 2 573 574
552 2 574 575
553 2 575 576
554 2 576 577
555 2 577 578
556 2 578 579
557 2 579 580
558 1 580 581
559 3 581 582
560 3 582 583
561 3 583 584
562 3 584 585
563 3 585 586
564 3 586 587
565 3 587 588
566 3 588 589
567 3 589 590
568 3 590 591
569 3 591 592
570 6 592 593
571 4 593 594
572 4 594 595
573 4 595 596
574 4 596 597
575 4 597 598
576 2 599 600
577 2 600 601
578 2 601 602
579 2 602 603
580 2 603 604
581 2 604 605
582 2 605 606
583 1 606 607
584 3 607 608
585 3 608 609
586 3 609 610
587 3 610 611
588 3 611 612
589 3 612 613
590 3 613 614
591 3 614 615
592 3 615 616
593 3 616 617
594 3 617 618
595 6 618 619
596 4 619 620
597 4 620 621
598 4 621 622
599 4 622 623
600 4 623 624
601 2 625 626
602 2 626 627
603 2 627 628
604 2 628 629
605 2 629 630
606 2 630 631
607 2 631 632
608 1 632 633
609 3 633 634
610 3 634 635
611 3 635 636
612 3 636 637
613 3 637 638
614 3 638 639
615 3 639 640
616 3 640 641
617 3 641 642
618 3 642 643
619 3 643 644
620 6 644 645
621 4 645 646
622 4 646 647
623 4 647 648
624 4 648 649
625 4 649 650
626 2 651 652
627 2 652 653
628 2 653 654
629 2 654 655
630 2 655 656
631 2 656 657
632 2 657 658
633 1 658 659
634 3 659 660
635 3 660 661
636 3 661 662
637 3 662 663
638 3 663 664
639 3 664 665
640 3 665 666
641 3 666 667
642 3 667 668
643 3 668 669
644 3 669 670
645 6 670 671
646 4 671 672
647 4 672 673
648 4 673 674
649 4 674 675
650 4 675 676
651 2 677 678
652 2 678 679
653 2 679 680
654 2 680 681
655 2 681 682
656 2 682 683
657 2 683 684
658 1 684 685
659 3 685 686
660 3 686 687
661 3 687 688
662 3 688 689
663 3 689 690
664 3 690 691
665 3 691 692
666 3 692 693
667 3 693 694
668 3 694 695
669 3 695 696
670 6 696 697
671 4 697 698
672 4 698 699
673 4 699 700
674 4 700 701
675 4 701 702
676 2 703 704
677 2 704 705
678 2 705 706
679 2 706 707
680 2 707 708
681 2 708 709
682 2 709 710
683 1 710 711
684 3 711 712
685 3 712 713
686 3 713 714
687 3 714 715
688 3 715 716
689 3 716 717
690 3 717 718
691 3 718 719
692 3 719 720
693 3 720 721
694 3 721 722
695 6 722 723
696 4 723 724
697 4 724 725
698 4 725 726
699 4 726 727
700 4 727 728
701 2 729 730
702 2 730 731
703 2 731 732
704 2 732 733
705 2 733 734
706 2 734 735
707 2 735 736
708 1 736 737
709 3 737 738
710 3 738 739
711 3 739 740
712 3 740 741
713 3 741 742
714 3 742 743
715 3 743 744
716 3 744 745
717 3 745 746
718 3 746 747
719 3 747 748
720 6 748 749
721 4 749 750
722 4 750 751
723 4 751 752
724 4 752 753
725 4 753 754
726 2 755 756
727 2 756 757
728 2 757 758
729 2 758 759
730 2 759 760
731 2 760 761
732 2 761 762
733 1 762 763
734 3 763 764
735 3 764 765
736 3 765 766
737 3 766 767
738 3 767 768
739 3 768 769
740 3 769 770
741 3 770 771
742 3 771 772
743 3 772 773
744 3 773 774
745 6 774 775
746 4 775 776
747 4 776 777
748 4 777 778
749 4 778 779
750 4 779 780
751 2 781 782
752 2 782 783
753 2 783 784
754 2 784 785
755 2 785 786
756 2 786 787
757 2 787 788
758 1 788 789
759 3 789 790
760 3 790 791
761 3 791 792
762 3 792 793
763 3 793 794
764 3 794 795
765 3 795 796
766 3 796 797
767 3 797 798
768 3 798 799
769 3 799 800
770 6 800 801
771 4 801 802
772 4 802 803
773 4 803 804
774 4 804 805
775 4 805 806
776 2 807 808
777 2 808 809
778 2 809 810
779 2 810 811
780 2 811 812
781 2 812 813
782 2 813 814
783 1 814 815
784 3 815 816
785 3 816 817
786 3 817 818
787 3 818 819
788 3 819 820
789 3 820 821
790 3 821 822
791 3 822 823
792 3 823 824
793 3 824 825
794 3 825 826
795 6 826 827
796 4 827 828
797 4 828 829
798 4 829 830
799 4 830 831
800 4 831 832
801 2 833 834
802 2 834 835
803 2 835 836
804 2 836 837
805 2 837 838
806 2 838 839
807 2 839 840
808 1 840 841
809 3 841 842
810 3 842 843
811 3 843 844
812 3 844 845
813 3 845 846
814 3 846 847
815 3 847 848
816 3 848 849
817 3 849 850
818 3 850 851
819 3 851 852
820 6 852 853
821 4 853 854
822 4 854 855
823 4 855 856
824 4 856 857
825 4 857 858
826 2 859 860
827 2 860 861
828 2 861 862
829 2 862 863
830 2 863 864
831 2 864 865
832 2 865 866
833 1 866 867
834 3 867 868
835 3 868 869
836 3 869 870
837 3 870 871
838 3 871 872
839 3 872 873
840 3 873 874
841 3 874 875
842 3 875 876
843 3 876 877
844 3 877 878
845 6 878 879
846 4 879 880
847 4 880 881
848 4 881 882
849 4 882 883
850 4 883 884
851 2 885 886
852 2 886 887
853 2 887 888
854 2 888 889
855 2 889 890
856 2 890 891
857 2 891 892
858 1 892 893
859 3 893 894
860 3 894 895
861 3 895 896
862 3 896 897
863 3 897 898
864 3 898 899
865 3 899 900
866 3 900 901
867 3 901 902
868 3 902 903
869 3 903 904
870 6 904 905
871 4 905 906
872 4 906 907
873 4 907 908
874 4 908 909
875 4 909 910
876 2 911 912
877 2 912 913
878 2 913 914
879 2 914 915
880 2 915 916
881 2 916 917
882 2 917 918
883 1 918 919
884 3 919 920
885 3 920 921
886 3 921 922
887 3 922 923
888 3 923 924
889 3 924 925
890 3 925 926
891 3 926 927
892 3 927 928
893 3 928 929
894 3 929 930
895 6 930 931
896 4 931 932
897 4 932 933
898 4 933 934
899 4 934 935
900 4 935 936
901 2 937 938
902 2 938 939
903 2 939 940
904 2 940 941
905 2 941 942
906 2 942 943
907 2 943 944
908 1 944 945
909 3 945 946
910 3 946 947
911 3 947 948
912 3 948 949
913 3 949 950
914 3 950 951
915 3 951 952
916 3 952 953
917 3 953 954
918 3 954 955
919 3 955 956
920 6 956 957
921 4 957 958
922 4 958 959
923 4 959 960
924 4 960 961
925 4 961 962
926 2 963 964
927 2 964 965
928 2 965 966
929 2 966 967
930 2 967 968
931 2 968 969
932 2 969 970
933 1 970 971
934 3 971 972
935 3 972 973
936 3 973 974
937 3 974 975
938 3 975 976
939 3 976 977
940 3 977 978
941 3 978 979
942 3 979 980
943 3 980 981
944 3 981 982
945 6 982 983
946 4 983 984
947 4 984 985
948 4 985 986
949 4 986 987
950 4 987 988
951 2 989 990
952 2 990 991
953 2 991 992
954 2 992 993
955 2 993 994
956 2 994 995
957 2 995 996
958 1 996 997
959 3 997 998
960 3 998 999
961 3 999 1000
962 3 1000 1001
963 3 1001 1002
964 3 1002 1003
965 3 1003 1004
966 3 1004 1005
967 3 1005 1006
968 3 1006 1007
969 3 1007 1008
970 6 1008 1009
971 4 1009 1010
972 4 1010 1011
973 4 1011 1012
974 4 1012 1013
975 4 1013 1014
976 2 1015 1016
977 2 1016 1017
978 2 1017 1018
979 2 1018 1019
980 2 1019 1020
981 2 1020 1021
982 2 1021 1022
983 1 1022 1023
984 3 1023 1024
985 3 1024 1025
986 3 1025 1026
987 3 1026 1027
988 3 1027 1028
989 3 1028 1029
990 3 1029 1030
991 3 1030 1031
992 3 1031 1032
993 3 1032 1033
994 3 1033 1034
995 6 1034 1035
996 4 1035 1036
997 4 1036 1037
998 4 1037 1038
999 4 1038 1039
1000 4 1039 1040
1001 2 1041 1042
1002 2 1042 1043
1003 2 1043 1044
1004 2 1044 1045
1005 2 1045 1046
1006 2 1046 1047
1007 2 1047 1048
1008 1 1048 1049
1009 3 1049 1050
1010 3 1050 1051
1011 3 1051 1052
1012 3 1052 1053
1013 3 1053 1054
1014 3 1054 1055
1015 3 1055 1056
1016 3 1056 1057
1017 3 1057 1058
1018 3 1058 1059
1019 3 1059 1060
1020 6 1060 1061
1021 4 1061 1062
1022 4 1062 1063
1023 4 1063 1064
1024 4 1064 1065
1025 4 1065 1066
1026 2 1067 1068
1027 2 1068 1069
1028 2 1069 1070
1029 2 1070 1071
1030 2 1071 1072
1031 2 1072 1073
1032 2 1073 1074
1033 1 1074 1075
1034 3 1075 1076
1035 3 1076 1077
1036 3 1077 1078
1037 3 1078 1079
1038 3 1079 1080
1039 3 1080 1081
1040 3 1081 1082
1041 3 1082 1083
1042 3 1083 1084
1043 3 1084 1085
1044 3 1085 1086
1045 6 1086 1087
1046 4 1087 1088
1047 4 1088 1089
1048 4 1089 1090
1049 4 1090 1091
1050 4 1091 1092
1051 2 1093 1094
1052 2 1094 1095
1053 2 1095 1096
1054 2 1096 1097
1055 2 1097 1098
1056 2 1098 1099
1057 2 1099 1100
1058 1 1100 1101
1059 3 1101 1102
1060 3 1102 1103
1061 3 1103 1104
1062 3 1104 1105
1063 3 1105 1106
1064 3 1106 1107
1065 3 1107 1108
1066 3 1108 1109
1067 3 1109 1110
1068 3 1110 1111
1069 3 1111 1112
1070 6 1112 1113
1071 4 1113 1114
1072 4 1114 1115
1073 4 1115 1116
1074 4 1116 1117
1075 4 1117 1118
1076 2 1119 1120
1077 2 1120 1121
1078 2 1121 1122
1079 2 1122 1123
1080 2 1123 1124
1081 2 1124 1125
1082 2 1125 1126
1083 1 1126 1127
1084 3 1127 1128
1085 3 1128 1129
1086 3 1129 1130
1087 3 1130 1131
1088 3 1131 1132
1089 3 1132 1133
1090 3 1133 1134
1091 3 1134 1135
1092 3 1135 1136
1093 3 1136 1137
1094 3 1137 1138
1095 6 1138 1139
1096 4 1139 1140
1097 4 1140 1141
1098 4 1141 1142
1099 4 1142 1143
1100 4 1143 1144
1101 2 1145 1146
1102 2 1146 1147
1103 2 1147 1148
1104 2 1148 1149
1105 2 1149 1150
1106 2 1150 1151
1107 2 1151 1152
1108 1 1152 1153
1109 3 1153 1154
1110 3 1154 1155
1111 3 1155 1156
1112 3 1156 1157
1113 3 1157 1158
1114 3 1158 1159
1115 3 1159 1160
1116 3 1160 1161
1117 3 1161 1162
1118 3 1162 1163
1119 3 1163 1164
1120 6 1164 1165
1121 4 1165 1166
1122 4 1166 1167
1123 4 1167 1168
1124 4 1168 1169
1125 4 1169 1170
1126 2 1171 1172
1127 2 1172 1173
1128 2 1173 1174
1129 2 1174 1175
1130 2 1175 1176
1131 2 1176 1177
1132 2 1177 1178
1133 1 1178 1179
1134 3 1179 1180
1135 3 1180 1181
1136 3 1181 1182
1137 3 1182 1183
1138 3 1183 1184
1139 3 1184 1185
1140 3 1185 1186
1141 3 1186 1187
1142 3 1187 1188
1143 3 1188 1189
1144 3 1189 1190
1145 6 1190 1191
1146 4 1191 1192
1147 4 1192 1193
1148 4 1193 1194
1149 4 1194 1195
1150 4 1195 1196
1151 2 1197 1198
1152 2 1198 1199
1153 2 1199 1200
1154 2 1200 1201
1155 2 1201 1202
1156 2 1202 1203
1157 2 1203 1204
1158 1 1204 1205
1159 3 1205 1206
1160 3 1206 1207
1161 3 1207 1208
1162 3 1208 1209
1163 3 1209 1210
1164 3 1210 1211
1165 3 1211 1212
1166 3 1212 1213
1167 3 1213 1214
1168 3 1214 1215
1169 3 1215 1216
1170 6 1216 1217
1171 4 1217 1218
1172 4 1218 1219
1173 4 1219 1220
1174 4 1220 1221
1175 4 1221 1222
1176 2 1223 1224
1177 2 1224 1225
1178 2 1225 1226
1179 2 1226 1227
1180 2 1227 1228
1181 2 1228 1229
1182 2 1229 1230
1183 1 1230 1231
1184 3 1231 1232
1185 3 1232 1233
1186 3 1233 1234
1187 3 1234 1235
1188 3 1235 1236
1189 3 1236 1237
1190 3 1237 1238
1191 3 1238 1239
1192 3 1239 1240
1193 3 1240 1241
1194 3 1241 1242
1195 6 1242 1243
1196 4 1243 1244
1197 4 1244 1245
1198 4 1245 1246
1199 4 1246 1247
1200 4 1247 1248
1201 2 1249 1250
1202 2 1250 1251
1203 2 1251 1252
1204 2 1252 1253
1205 2 1253 1254
1206 2 1254 1255
1207 2 1255 1256
1208 1 1256 1257
1209 3 1257 1258
1210 3 1258 1259
1211 3 1259 1260
1212 3 1260 1261
1213 3 1261 1262
1214 3 1262 1263
1215 3 1263 1264
1216 3 1264 1265
1217 3 1265 1266
1218 3 1266 1267
1219 3 1267 1268
1220 6 1268 1269
1221 4 1269 1270
1222 4 1270 1271
1223 4 1271 1272
1224 4 1272 1273
1225 4 1273 1274
1226 2 1275 1276
1227 2 1276 1277
1228 2 1277 1278
1229 2 1278 1279
1230 2 1279 1280
1231 2 1280 1281
1232 2 1281 1282
1233 1 1282 1283
1234 3 1283 1284
1235 3 1284 1285
1236 3 1285 1286
1237 3 1286 1287
1238 3 1287 1288
1239 3 1288 1289
1240 3 1289 1290
1241 3 1290 1291
1242 3 1291 1292
1243 3 1292 1293
1244 3 1293 1294
1245 6 1294 1295
1246 4 1295 1296
1247 4 1296 1297
1248 4 1297 1298
1249 4 1298 1299
1250 4 1299 1300
1251 2 1301 1302
1252 2 1302 1303
1253 2 1303 1304
1254 2 1304 1305
1255 2 1305 1306
1256 2 1306 1307
1257 2 1307 1308
1258 1 1308 1309
1259 3 1309 1310
1260 3 1310 1311
1261 3 1311 1312
1262 3 1312 1313
1263 3 1313 1314
1264 3 1314 1315
1265 3 1315 1316
1266 3 1316 1317
1267 3 1317 1318
1268 3 1318 1319
1269 3 1319 1320
1270 6 1320 1321
1271 4 1321 1322
1272 4 1322 1323
1273 4 1323 1324
1274 4 1324 1325
1275 4 1325 1326
1276 2 1327 1328
1277 2 1328 1329
1278 2 1329 1330
1279 2 1330 1331
1280 2 1331 1332
1281 2 1332 1333
1282 2 1333 1334
1283 1 1334 1335
1284 3 1335 1336
1285 3 1336 1337
1286 3 1337 1338
1287 3 1338 1339
1288 3 1339 1340
1289 3 1340 1341
1290 3 1341 1342
1291 3 1342 1343
1292 3 1343 1344
1293 3 1344 1345
1294 3 1345 1346
1295 6 1346 1347
1296 4 1347 1348
1297 4 1348 1349
1298 4 1349 1350
1299 4 1350 1351
1300 4 1351 1352
1301 2 1353 1354
1302 2 1354 1355
1303 2 1355 1356
1304 2 1356 1357
1305 2 1357 1358
1306 2 1358 1359
1307 2 1359 1360
1308 1 1360 1361
1309 3 1361 1362
1310 3 1362 1363
1311 3 1363 1364
1312 3 1364 1365
1313 3 1365 1366
1314 3 1366 1367
1315 3 1367 1368
1316 3 1368 1369
1317 3 1369 1370
1318 3 1370 1371
1319 3 1371 1372
1320 6 1372 1373
1321 4 1373 1374
1322 4 1374 1375
1323 4 1375 1376
1324 4 1376 1377
1325 4 1377 1378
1326 2 1379 1380
1327 2 1380 1381
1328 2 1381 1382
1329 2 1382 1383
1330 2 1383 1384
1331 2 1384 1385
1332 2 1385 1386
1333 1 1386 1387
1334 3 1387 1388
1335 3 1388 1389
1336 3 1389 1390
1337 3 1390 1391
1338 3 1391 1392
1339 3 1392 1393
1340 3 1393 1394
1341 3 1394 1395
1342 3 1395 1396
1343 3 1396 1397
1344 3 1397 1398
1345 6 1398 1399
1346 4 1399 1400
1347 4 1400 1401
1348 4 1401 1402
1349 4 1402 1403
1350 4 1403 1404
1351 2 1405 1406
1352 2 1406 1407
1353 2 1407 1408
1354 2 1408 1409
1355 2 1409 1410
1356 2 1410 1411
1357 2 1411 1412
1358 1 1412 1413
1359 3 1413 1414
1360 3 1414 1415
1361 3 1415 1416
1362 3 1416 1417
1363 3 1417 1418
1364 3 1418 1419
1365 3 1419 1420
1366 3 1420 1421
1367 3 1421 1422
1368 3 1422 1423
1369 3 1423 1424
1370 6 1424 1425
1371 4 1425 1426
1372 4 1426 1427
1373 4 1427 1428
1374 4 1428 1429
1375 4 1429 1430
1376 2 1431 1432
1377 2 1432 1433
1378 2 1433 1434
1379 2 1434 1435
1380 2 1435 1436
1381 2 1436 1437
1382 2 1437 1438
1383 1 1438 1439
1384 3 1439 1440
1385 3 1440 1441
1386 3 1441 1442
1387 3 1442 1443
1388 3 1443 1444
1389 3 1444 1445
1390 3 1445 1446
1391 3 1446 1447
1392 3 1447 1448
1393 3 1448 1449
1394 3 1449 1450
1395 6 1450 1451
1396 4 1451 1452
1397 4 1452 1453
1398 4 1453 1454
1399 4 1454 1455
1400 4 1455 1456
1401 2 1457 1458
1402 2 1458 1459
1403 2 1459 1460
1404 2 1460 1461
1405 2 1461 1462
1406 2 1462 1463
1407 2 1463 1464
1408 1 1464 1465
1409 3 1465 1466
1410 3 1466 1467
1411 3 1467 1468
1412 3 1468 1469
1413 3 1469 1470
1414 3 1470 1471
1415 3 1471 1472
1416 3 1472 1473
1417 3 1473 1474
1418 3 1474 1475
1419 3 1475 1476
1420 6 1476 1477
1421 4 1477 1478
1422 4 1478 1479
1423 4 1479 1480
1424 4 1480 1481
1425 4 1481 1482
1426 2 1483 1484
1427 2 1484 1485
1428 2 1485 1486
1429 2 1486 1487
1430 2 1487 1488
1431 2 1488 1489
1432 2 1489 1490
1433 1 1490 1491
1434 3 1491 1492
1435 3 1492 1493
1436 3 1493 1494
1437 3 1494 1495
1438 3 1495 1496
1439 3 1496 1497
1440 3 1497 1498
1441 3 1498 1499
1442 3 1499 1500
1443 3 1500 1501
1444 3 1501 1502
1445 6 1502 1503
1446 4 1503 1504
1447 4 1504 1505
1448 4 1505 1506
1449 4 1506 1507
1450 4 1507 1508
1451 2 1509 1510
1452 2 1510 1511
1453 2 1511 1512
1454 2 1512 1513
1455 2 1513 1514
1456 2 1514 1515
1457 2 1515 1516
1458 1 1516 1517
1459 3 1517 1518
1460 3 1518 1519
1461 3 1519 1520
1462 3 1520 1521
1463 3 1521 1522
1464 3 1522 1523
1465 3 1523 1524
1466 3 1524 1525
1467 3 1525 1526
1468 3 1526 1527
1469 3 1527 1528
1470 6 1528 1529
1471 4 1529 1530
1472 4 1530 1531
1473 4 1531 1532
1474 4 1532 1533
1475 4 1533 1534
1476 2 1535 1536
1477 2 1536 1537
1478 2 1537 1538
1479 2 1538 1539
1480 2 1539 1540
1481 2 1540 1541
1482 2 1541 1542
1483 1 1542 1543
1484 3 1543 1544
1485 3 1544 1545
1486 3 1545 1546
1487 3 1546 1547
1488 3 1547 1548
1489 3 1548 1549
1490 3 1549 1550
1491 3 1550 1551
1492 3 1551 1552
1493 3 1552 1553
1494 3 1553 1554
1495 6 1554 1555
1496 4 1555 1556
1497 4 1556 1557
1498 4 1557 1558
1499 4 1558 1559
1500 4 1559 1560
1501 2 1561 1562
1502 2 1562 1563
1503 2 1563 1564
1504 2 1564 1565
1505 2 1565 1566
1506 2 1566 1567
1507 2 1567 1568
1508 1 1568 1569
1509 3 1569 1570
1510 3 1570 1571
1511 3 1571 1572
1512 3 1572 1573
1513 3 1573 1574
1514 3 1574 1575
1515 3 1575 1576
1516 3 1576 1577
1517 3 1577 1578
1518 3 1578 1579
1519 3 1579 1580
1520 6 1580 1581
1521 4 1581 1582
1522 4 1582 1583
1523 4 1583 1584
1524 4 1584 1585
1525 4 1585 1586
1526 2 1587 1588
1527 2 1588 1589
1528 2 1589 1590
1529 2 1590 1591
1530 2 1591 1592
1531 2 1592 1593
1532 2 1593 1594
1533 1 1594 1595
1534 3 1595 1596
1535 3 1596 1597
1536 3 1597 1598
1537 3 1598 1599
1538 3 1599 1600
1539 3 1600 1601
1540 3 1601 1602
1541 3 1602 1603
1542 3 1603 1604
1543 3 1604 1605
1544 3 1605 1606
1545 6 1606 1607
1546 4 1607 1608
1547 4 1608 1609
1548 4 1609 1610
1549 4 1610 1611
1550 4 1611 1612
1551 2 1613 1614
1552 2 1614 1615
1553 2 1615 1616
1554 2 1616 1617
1555 2 1617 1618
1556 2 1618 1619
1557 2 1619 1620
1558 1 1620 1621
1559 3 1621 1622
1560 3 1622 1623
1561 3 1623 1624
1562 3 1624 1625
1563 3 1625 1626
1564 3 1626 1627
1565 3 1627 1628
1566 3 1628 1629
1567 3 1629 1630
1568 3 1630 1631
1569 3 1631 1632
1570 6 1632 1633
1571 4 1633 1634
1572 4 1634 1635
1573 4 1635 1636
1574 4 1636 1637
1575 4 1637 1638
1576 2 1639 1640
1577 2 1640 1641
1578 2 1641 1642
1579 2 1642 1643
1580 2 1643 1644
1581 2 1644 1645
1582 2 1645 1646
1583 1 1646 1647
1584 3 1647 1648
1585 3 1648 1649
1586 3 1649 1650
1587 3 1650 1651
1588 3 1651 1652
1589 3 1652 1653
1590 3 1653 1654
1591 3 1654 1655
1592 3 1655 1656
1593 3 1656 1657
1594 3 1657 1658
1595 6 1658 1659
1596 4 1659 1660
1597 4 1660 1661
1598 4 1661 1662
1599 4 1662 1663
1600 4 1663 1664
1601 2 1665 1666
1602 2 1666 1667
1603 2 1667 1668
1604 2 1668 1669
1605 2 1669 1670
1606 2 1670 1671
1607 2 1671 1672
1608 1 1672 1673
1609 3 1673 1674
1610 3 1674 1675
1611 3 1675 1676
1612 3 1676 1677
1613 3 1677 1678
1614 3 1678 1679
1615 3 1679 1680
1616 3 1680 1681
1617 3 1681 1682
1618 3 1682 1683
1619 3 1683 1684
1620 6 1684 1685
1621 4 1685 1686
1622 4 1686 1687
1623 4 1687 1688
1624 4 1688 1689
1625 4 1689 1690
1626 2 1691 1692
1627 2 1692 1693
1628 2 1693 1694
1629 2 1694 1695
1630 2 1695 1696
1631 2 1696 1697
1632 2 1697 1698
1633 1 1698 1699
1634 3 1699 1700
1635 3 1700 1701
1636 3 1701 1702
1637 3 1702 1703
1638 3 1703 1704
1639 3 1704 1705
1640 3 1705 1706
1641 3 1706 1707
1642 3 1707 1708
1643 3 1708 1709
1644 3 1709 1710
1645 6 1710 1711
1646 4 1711 1712
1647 4 1712 1713
1648 4 1713 1714
1649 4 1714 1715
1650 4 1715 1716
1651 2 1717 1718
1652 2 1718 1719
1653 2 1719 1720
1654 2 1720 1721
1655 2 1721 1722
1656 2 1722 1723
1657 2 1723 1724
1658 1 1724 1725
1659 3 1725 1726
1660 3 1726 1727
1661 3 1727 1728
1662 3 1728 1729
1663 3 1729 1730
1664 3 1730 1731
1665 3 1731 1732
1666 3 1732 1733
1667 3 1733 1734
1668 3 1734 1735
1669 3 1735 1736
1670 6 1736 1737
1671 4 1737 1738
1672 4 1738 1739
1673 4 1739 1740
1674 4 1740 1741
1675 4 1741 1742
1676 2 1743 1744
1677 2 1744 1745
1678 2 1745 1746
1679 2 1746 1747
1680 2 1747 1748
1681 2 1748 1749
1682 2 1749 1750
1683 1 1750 1751
1684 3 1751 1752
1685 3 1752 1753
1686 3 1753 1754
1687 3 1754 1755
1688 3 1755 1756
1689 3 1756 1757
1690 3 1757 1758
1691 3 1758 1759
1692 3 1759 1760
1693 3 1760 1761
1694 3 1761 1762
1695 6 1762 1763
1696 4 1763 1764
1697 4 1764 1765
1698 4 1765 1766
1699 4 1766 1767
1700 4 1767 1768
1701 2 1769 1770
1702 2 1770 1771
1703 2 1771 1772
1704 2 1772 1773
1705 2 1773 1774
1706 2 1774 1775
1707 2 1775 1776
1708 1 1776 1777
1709 3 1777 1778
1710 3 1778 1779
1711 3 1779 1780
1712 3 1780 1781
1713 3 1781 1782
1714 3 1782 1783
1715 3 1783 1784
1716 3 1784 1785
1717 3 1785 1786
1718 3 1786 1787
1719 3 1787 1788
1720 6 1788 1789
1721 4 1789 1790
1722 4 1790 1791
1723 4 1791 1792
1724 4 1792 1793
1725 4 1793 1794
1726 2 1795 1796
1727 2 1796 1797
1728 2 1797 1798
1729 2 1798 1799
1730 2 1799 1800
1731 2 1800 1801
1732 2 1801 1802
1733 1 1802 1803
1734 3 1803 1804
1735 3 1804 1805
1736 3 1805 1806
1737 3 1806 1807
1738 3 1807 1808
1739 3 1808 1809
1740 3 1809 1810
1741 3 1810 1811
1742 3 1811 1812
1743 3 1812 1813
1744 3 1813 1814
1745 6 1814 1815
1746 4 1815 1816
1747 4 1816 1817
1748 4 1817 1818
1749 4 1818 1819
1750 4 1819 1820
1751 2 1821 1822
1752 2 1822 1823
1753 2 1823 1824
1754 2 1824 1825
1755 2 1825 1826
1756 2 1826 1827
1757 2 1827 1828
1758 1 1828 1829
1759 3 1829 1830
1760 3 1830 1831
1761 3 1831 1832
1762 3 1832 1833
1763 3 1833 1834
1764 3 1834 1835
1765 3 1835 1836
1766 3 1836 1837
1767 3 1837 1838
1768 3 1838 1839
1769 3 1839 1840
1770 6 1840 1841
1771 4 1841 1842
1772 4 1842 1843
1773 4 1843 1844
1774 4 1844 1845
1775 4 1845 1846
1776 2 1847 1848
1777 2 1848 1849
1778 2 1849 1850
1779 2 1850 1851
1780 2 1851 1852
1781 2 1852 1853
1782 2 1853 1854
1783 1 1854 1855
1784 3 1855 1856
1785 3 1856 1857
1786 3 1857 1858
1787 3 1858 1859
1788 3 1859 1860
1789 3 1860 1861
1790 3 1861 1862
1791 3 1862 1863
1792 3 1863 1864
1793 3 1864 1865
1794 3 1865 1866
1795 6 1866 1867
1796 4 1867 1868
1797 4 1868 1869
1798 4 1869 1870
1799 4 1870 1871
1800 4 1871 1872
1801 2 1873 1874
1802 2 1874 1875
1803 2 1875 1876
1804 2 1876 1877
1805 2 1877 1878
1806 2 1878 1879
1807 2 1879 1880
1808 1 1880 1881
1809 3 1881 1882
1810 3 1882 1883
1811 3 1883 1884
1812 3 1884 1885
1813 3 1885 1886
1814 3 1886 1887
1815 3 1887 1888
1816 3 1888 1889
1817 3 1889 1890
1818 3 1890 1891
1819 3 1891 1892
1820 6 1892 1893
1821 4 1893 1894
1822 4 1894 1895
1823 4 1895 1896
1824 4 1896 1897
1825 4 1897 1898
1826 2 1899 1900
1827 2 1900 1901
1828 2 1901 1902
1829 2 1902 1903
1830 2 1903 1904
1831 2 1904 1905
1832 2 1905 1906
1833 1 1906 1907
1834 3 1907 1908
1835 3 1908 1909
1836 3 1909 1910
1837 3 1910 1911
1838 3 1911 1912
1839 3 1912 1913
1840 3 1913 1914
1841 3 1914 1915
1842 3 1915 1916
1843 3 1916 1917
1844 3 1917 1918
1845 6 1918 1919
1846 4 1919 1920
1847 4 1920 1921
1848 4 1921 1922
1849 4 1922 1923
1850 4 1923 1924
1851 2 1925 1926
1852 2 1926 1927
1853 2 1927 1928
1854 2 1928 1929
1855 2 1929 1930
1856 2 1930 1931
1857 2 1931 1932
1858 1 1932 1933
1859 3 1933 1934
1860 3 1934 1935
1861 3 1935 1936
1862 3 1936 1937
1863 3 1937 1938
1864 3 1938 1939
1865 3 1939 1940
1866 3 1940 1941
1867 3 1941 1942
1868 3 1942 1943
1869 3 1943 1944
1870 6 1944 1945
1871 4 1945 1946
1872 4 1946 1947
1873 4 1947 1948
1874 4 1948 1949
1875 4 1949 1950
1876 2 1951 1952
1877 2 1952 1953
1878 2 1953 1954
1879 2 1954 1955
1880 2 1955 1956
1881 2 1956 1957
1882 2 1957 1958
1883 1 1958 1959
1884 3 1959 1960
1885 3 1960 1961
1886 3 1961 1962
1887 3 1962 1963
1888 3 1963 1964
1889 3 1964 1965
1890 3 1965 1966
1891 3 1966 1967
1892 3 1967 1968
1893 3 1968 1969
1894 3 1969 1970
1895 6 1970 1971
1896 4 1971 1972
1897 4 1972 1973
1898 4 1973 1974
1899 4 1974 1975
1900 4 1975 1976
1901 2 1977 1978
1902 2 1978 1979
1903 2 1979 1980
1904 2 1980 1981
1905 2 1981 1982
1906 2 1982 1983
1907 2 1983 1984
1908 1 1984 1985
1909 3 1985 1986
1910 3 1986 1987
1911 3 1987 1988
1912 3 1988 1989
1913 3 1989 1990
1914 3 1990 1991
1915 3 1991 1992
1916 3 1992 1993
1917 3 1993 1994
1918 3 1994 1995
1919 3 1995 1996
1920 6 1996 1997
1921 4 1997 1998
1922 4 1998 1999
1923 4 1999 2000
1924 4 2000 2001
1925 4 2001 2002
1926 2 2003 2004
1927 2 2004 2005
1928 2 2005 2006
1929 2 2006 2007
1930 2 2007 2008
1931 2 2008 2009
1932 2 2009 2010
1933 1 2010 2011
1934 3 2011 2012
1935 3 2012 2013
1936 3 2013 2014
1937 3 2014 2015
1938 3 2015 2016
1939 3 2016 2017
1940 3 2017 2018
1941 3 2018 2019
1942 3 2019 2020
1943 3 2020 2021
1944 3 2021 2022
1945 6 2022 2023
1946 4 2023 2024
1947 4 2024 2025
1948 4 2025 2026
1949 4 2026 2027
1950 4 2027 2028
1951 2 2029 2030
1952 2 2030 2031
1953 2 2031 2032
1954 2 2032 2033
1955 2 2033 2034
1956 2 2034 2035
1957 2 2035 2036
1958 1 2036 2037
1959 3 2037 2038
1960 3 2038 2039
1961 3 2039 2040
1962 3 2040 2041
1963 3 2041 2042
1964 3 2042 2043
1965 3 2043 2044
1966 3 2044 2045
1967 3 2045 2046
1968 3 2046 2047
1969 3 2047 2048
1970 6 2048 2049
1971 4 2049 2050
1972 4 2050 2051
1973 4 2051 2052
1974 4 2052 2053
1975 4 2053 2054
1976 2 2055 2056
1977 2 2056 2057
1978 2 2057 2058
1979 2 2058 2059
1980 2 2059 2060
1981 2 2060 2061
1982 2 2061 2062
1983 1 2062 2063
1984 3 2063 2064
1985 3 2064 2065
1986 3 2065 2066
1987 3 2066 2067
1988 3 2067 2068
1989 3 2068 2069
1990 3 2069 2070
1991 3 2070 2071
1992 3 2071 2072
1993 3 2072 2073
1994 3 2073 2074
1995 6 2074 2075
1996 4 2075 2076
1997 4 2076 2077
1998 4 2077 2078
1999 4 2078 2079
2000 4 2079 2080
2001 2 2081 2082
2002 2 2082 2083
2003 2 2083 2084
2004 2 2084 2085
2005 2 2085 2086
2006 2 2086 2087
2007 2 2087 2088
2008 1 2088 2089
2009 3 2089 2090
2010 3 2090 2091
2011 3 2091 2092
2012 3 2092 2093
2013 3 2093 2094
2014 3 2094 2095
2015 3 2095 2096
2016 3 2096 2097
2017 3 2097 2098
2018 3 2098 2099
2019 3 2099 2100
2020 6 2100 2101
2021 4 2101 2102
2022 4 2102 2103
2023 4 2103 2104
2024 4 2104 2105
2025 4 2105 2106
2026 2 2107 2108
2027 2 2108 2109
2028 2 2109 2110
2029 2 2110 2111
2030 2 2111 2112
2031 2 2112 2113
2032 2 2113 2114
2033 1 2114 2115
2034 3 2115 2116
2035 3 2116 2117
2036 3 2117 2118
2037 3 2118 2119
2038 3 2119 2120
2039 3 2120 2121
2040 3 2121 2122
2041 3 2122 2123
2042 3 2123 2124
2043 3 2124 2125
2044 3 2125 2126
2045 6 2126 2127
2046 4 2127 2128
2047 4 2128 2129
2048 4 2129 2130
2049 4 2130 2131
2050 4 2131 2132
2051 2 2133 2134
2052 2 2134 2135
2053 2 2135 2136
2054 2 2136 2137
2055 2 2137 2138
2056 2 2138 2139
2057 2 2139 2140
2058 1 2140 2141
2059 3 2141 2142
2060 3 2142 2143
2061 3 2143 2144
2062 3 2144 2145
2063 3 2145 2146
2064 3 2146 2147
2065 3 2147 2148
2066 3 2148 2149
2067 3 2149 2150
2068 3 2150 2151
2069 3 2151 2152
2070 6 2152 2153
2071 4 2153 2154
2072 4 2154 2155
2073 4 2155 2156
2074 4 2156 2157
2075 4 2157 2158
2076 2 2159 2160
2077 2 2160 2161
2078 2 2161 2162
2079 2 2162 2163
2080 2 2163 2164
2081 2 2164 2165
2082 2 2165 2166
2083 1 2166 2167
2084 3 2167 2168
2085 3 2168 2169
2086 3 2169 2170
2087 3 2170 2171
2088 3 2171 2172
2089 3 2172 2173
2090 3 2173 2174
2091 3 2174 2175
2092 3 2175 2176
2093 3 2176 2177
2094 3 2177 2178
2095 6 2178 2179
2096 4 2179 2180
2097 4 2180 2181
2098 4 2181 2182
2099 4 2182 2183
2100 4 2183 2184
2101 2 2185 2186
2102 2 2186 2187
2103 2 2187 2188
2104 2 2188 2189
2105 2 2189 2190
2106 2 2190 2191
2107 2 2191 2192
2108 1 2192 2193
2109 3 2193 2194
2110 3 2194 2195
2111 3 2195 2196
2112 3 2196 2197
2113 3 2197 2198
2114 3 2198 2199
2115 3 2199 2200
2116 3 2200 2201
2117 3 2201 2202
2118 3 2202 2203
2119 3 2203 2204
2120 6 2204 2205
2121 4 2205 2206
2122 4 2206 2207
2123 4 2207 2208
2124 4 2208 2209
2125 4 2209 2210
2126 2 2211 2212
2127 2 2212 2213
2128 2 2213 2214
2129 2 2214 2215
2130 2 2215 2216
2131 2 2216 2217
2132 2 2217 2218
2133 1 2218 2219
2134 3 2219 2220
2135 3 2220 2221
2136 3 2221 2222
2137 3 2222 2223
2138 3 2223 2224
2139 3 2224 2225
2140 3 2225 2226
2141 3 2226 2227
2142 3 2227 2228
2143 3 2228 2229
2144 3 2229 2230
2145 6 2230 2231
2146 4 2231 2232
2147 4 2232 2233
2148 4 2233 2234
2149 4 2234 2235
2150 4 2235 2236
2151 2 2237 2238
2152 2 2238 2239
2153 2 2239 2240
2154 2 2240 2241
2155 2 2241 2242
2156 2 2242 2243
2157 2 2243 2244
2158 1 2244 2245
2159 3 2245 2246
2160 3 2246 2247
2161 3 2247 2248
2162 3 2248 2249
2163 3 2249 2250
2164 3 2250 2251
2165 3 2251 2252
2166 3 2252 2253
2167 3 2253 2254
2168 3 2254 2255
2169 3 2255 2256
2170 6 2256 2257
2171 4 2257 2258
2172 4 2258 2259
2173 4 2259 2260
2174 4 2260 2261
2175 4 2261 2262
2176 2 2263 2264
2177 2 2264 2265
2178 2 2265 2266
2179 2 2266 2267
2180 2 2267 2268
2181 2 2268 2269
2182 2 2269 2270
2183 1 2270 2271
2184 3 2271 2272
2185 3 2272 2273
2186 3 2273 2274
2187 3 2274 2275
2188 3 2275 2276
2189 3 2276 2277
2190 3 2277 2278
2191 3 2278 2279
2192 3 2279 2280
2193 3 2280 2281
2194 3 2281 2282
2195 6 2282 2283
2196 4 2283 2284
2197 4 2284 2285
2198 4 2285 2286
2199 4 2286 2287
2200 4 2287 2288
2201 2 2289 2290
2202 2 2290 2291
2203 2 2291 2292
2204 2 2292 2293
2205 2 2293 2294
2206 2 2294 2295
2207 2 2295 2296
2208 1 2296 2297
2209 3 2297 2298
2210 3 2298 2299
2211 3 2299 2300
2212 3 2300 2301
2213 3 2301 2302
2214 3 2302 2303
2215 3 2303 2304
2216 3 2304 2305
2217 3 2305 2306
2218 3 2306 2307
2219 3 2307 2308
2220 6 2308 2309
2221 4 2309 2310
2222 4 2310 2311
2223 4 2311 2312
2224 4 2312 2313
2225 4 2313 2314
2226 2 2315 2316
2227 2 2316 2317
2228 2 2317 2318
2229 2 2318 2319
2230 2 2319 2320
2231 2 2320 2321
2232 2 2321 2322
2233 1 2322 2323
2234 3 2323 2324
2235 3 2324 2325
2236 3 2325 2326
2237 3 2326 2327
2238 3 2327 2328
2239 3 2328 2329
2240 3 2329 2330
2241 3 2330 2331
2242 3 2331 2332
2243 3 2332 2333
2244 3 2333 2334
2245 6 2334 2335
2246 4 2335 2336
2247 4 2336 2337
2248 4 2337 2338
2249 4 2338 2339
2250 4 2339 2340
2251 2 2341 2342
2252 2 2342 2343
2253 2 2343 2344
2254 2 2344 2345
2255 2 2345 2346
2256 2 2346 2347
2257 2 2347 2348
2258 1 2348 2349
2259 3 2349 2350
2260 3 2350 2351
2261 3 2351 2352
2262 3 2352 2353
2263 3 2353 2354
2264 3 2354 2355
2265 3 2355 2356
2266 3 2356 2357
2267 3 2357 2358
2268 3 2358 2359
2269 3 2359 2360
2270 6 2360 2361
2271 4 2361 2362
2272 4 2362 2363
2273 4 2363 2364
2274 4 2364 2365
2275 4 2365 2366
2276 2 2367 2368
2277 2 2368 2369
2278 2 2369 2370
2279 2 2370 2371
2280 2 2371 2372
2281 2 2372 2373
2282 2 2373 2374
2283 1 2374 2375
2284 3 2375 2376
2285 3 2376 2377
2286 3 2377 2378
2287 3 2378 2379
2288 3 2379 2380
2289 3 2380 2381
2290 3 2381 2382
2291 3 2382 2383
2292 3 2383 2384
2293 3 2384 2385
2294 3 2385 2386
2295 6 2386 2387
2296 4 2387 2388
2297 4 2388 2389
2298 4 2389 2390
2299 4 2390 2391
2300 4 2391 2392
2301 2 2393 2394
2302 2 2394 2395
2303 2 2395 2396
2304 2 2396 2397
2305 2 2397 2398
2306 2 2398 2399
2307 2 2399 2400
2308 1 2400 2401
2309 3 2401 2402
2310 3 2402 2403
2311 3 2403 2404
2312 3 2404 2405
2313 3 2405 2406
2314 3 2406 2407
2315 3 2407 2408
2316 3 2408 2409
2317 3 2409 2410
2318 3 2410 2411
2319 3 2411 2412
2320 6 2412 2413
2321 4 2413 2414
2322 4 2414 2415
2323 4 2415 2416
2324 4 2416 2417
2325 4 2417 2418
2326 2 2419 2420
2327 2 2420 2421
2328 2 2421 2422
2329 2 2422 2423
2330 2 2423 2424
2331 2 2424 2425
2332 2 2425 2426
2333 1 2426 2427
2334 3 2427 2428
2335 3 2428 2429
2336 3 2429 2430
2337 3 2430 2431
2338 3 2431 2432
2339 3 2432 2433
2340 3 2433 2434
2341 3 2434 2435
2342 3 2435 2436
2343 3 2436 2437
2344 3 2437 2438
2345 6 2438 2439
2346 4 2439 2440
2347 4 2440 2441
2348 4 2441 2442
2349 4 2442 2443
2350 4 2443 2444
2351 2 2445 2446
2352 2 2446 2447
2353 2 2447 2448
2354 2 2448 2449
2355 2 2449 2450
2356 2 2450 2451
2357 2 2451 2452
2358 1 2452 2453
2359 3 2453 2454
2360 3 2454 2455
2361 3 2455 2456
2362 3 2456 2457
2363 3 2457 2458
2364 3 2458 2459
2365 3 2459 2460
2366 3 2460 2461
2367 3 2461 2462
2368 3 2462 2463
2369 3 2463 2464
2370 6 2464 2465
2371 4 2465 2466
2372 4 2466 2467
2373 4 2467 2468
2374 4 2468 2469
2375 4 2469 2470
2376 2 2471 2472
2377 2 2472 2473
2378 2 2473 2474
2379 2 2474 2475
2380 2 2475 2476
2381 2 2476 2477
2382 2 2477 2478
2383 1 2478 2479
2384 3 2479 2480
2385 3 2480 2481
2386 3 2481 2482
2387 3 2482 2483
2388 3 2483 2484
2389 3 2484 2485
2390 3 2485 2486
2391 3 2486 2487
2392 3 2487 2488
2393 3 2488 2489
2394 3 2489 2490
2395 6 2490 2491
2396 4 2491 2492
2397 4 2492 2493
2398 4 2493 2494
2399 4 2494 2495
2400 4 2495 2496
2401 2 2497 2498
2402 2 2498 2499
2403 2 2499 2500
2404 2 2500 2501
2405 2 2501 2502
2406 2 2502 2503
2407 2 2503 2504
2408 1 2504 2505
2409 3 2505 2506
2410 3 2506 2507
2411 3 2507 2508
2412 3 2508 2509
2413 3 2509 2510
2414 3 2510 2511
2415 3 2511 2512
2416 3 2512 2513
2417 3 2513 2514
2418 3 2514 2515
2419 3 2515 2516
2420 6 2516 2517
2421 4 2517 2518
2422 4 2518 2519
2423 4 2519 2520
2424 4 2520 2521
2425 4 2521 2522
2426 2 2523 2524
2427 2 2524 2525
2428 2 2525 2526
2429 2 2526 2527
2430 2 2527 2528
2431 2 2528 2529
2432 2 2529 2530
2433 1 2530 2531
2434 3 2531 2532
2435 3 2532 2533
2436 3 2533 2534
2437 3 2534 2535
2438 3 2535 2536
2439 3 2536 2537
2440 3 2537 2538
2441 3 2538 2539
2442 3 2539 2540
2443 3 2540 2541
2444 3 2541 2542
2445 6 2542 2543
2446 4 2543 2544
2447 4 2544 2545
2448 4 2545 2546
2449 4 2546 2547
2450 4 2547 2548
2451 2 2549 2550
2452 2 2550 2551
2453 2 2551 2552
2454 2 2552 2553
2455 2 2553 2554
2456 2 2554 2555
2457 2 2555 2556
2458 1 2556 2557
2459 3 2557 2558
2460 3 2558 2559
2461 3 2559 2560
2462 3 2560 2561
2463 3 2561 2562
2464 3 2562 2563
2465 3 2563 2564
2466 3 2564 2565
2467 3 2565 2566
2468 3 2566 2567
2469 3 2567 2568
2470 6 2568 2569
2471 4 2569 2570
2472 4 2570 2571
2473 4 2571 2572
2474 4 2572 2573
2475 4 2573 2574
2476 2 2575 2576
2477 2 2576 2577
2478 2 2577 2578
2479 2 2578 2579
2480 2 2579 2580
2481 2 2580 2581
2482 2 2581 2582
2483 1 2582 2583
2484 3 2583 2584
2485 3 2584 2585
2486 3 2585 2586
2487 3 2586 2587
2488 3 2587 2588
2489 3 2588 2589
2490 3 2589 2590
2491 3 2590 2591
2492 3 2591 2592
2493 3 2592 2593
2494 3 2593 2594
2495 6 2594 2595
2496 4 2595 2596
2497 4 2596 2597
2498 4 2597 2598
2499 4 2598 2599
2500 4 2599 2600
2501 2 2601 2602
2502 2 2602 2603
2503 2 2603 2604
2504 2 2604 2605
2505 2 2605 2606
2506 2 2606 2607
2507 2 2607 2608
2508 1 2608 2609
2509 3 2609 2610
2510 3 2610 2611
2511 3 2611 2612
2512 3 2612 2613
2513 3 2613 2614
2514 3 2614 2615
2515 3 2615 2616
2516 3 2616 2617
2517 3 2617 2618
2518 3 2618 2619
2519 3 2619 2620
2520 6 2620 2621
2521 4 2621 2622
2522 4 2622 2623
2523 4 2623 2624
2524 4 2624 2625
2525 4 2625 2626
2526 2 2627 2628
2527 2 2628 2629
2528 2 2629 2630
2529 2 2630 2631
2530 2 2631 2632
2531 2 2632 2633
2532 2 2633 2634
2533 1 2634 2635
2534 3 2635 2636
2535 3 2636 2637
2536 3 2637 2638
2537 3 2638 2639
2538 3 2639 2640
2539 3 2640 2641
2540 3 2641 2642
2541 3 2642 2643
2542 3 2643 2644
2543 3 2644 2645
2544 3 2645 2646
2545 6 2646 2647
2546 4 2647 2648
2547 4 2648 2649
2548 4 2649 2650
2549 4 2650 2651
2550 4 2651 2652
2551 2 2653 2654
2552 2 2654 2655
2553 2 2655 2656
2554 2 2656 2657
2555 2 2657 2658
2556 2 2658 2659
2557 2 2659 2660
2558 1 2660 2661
2559 3 2661 2662
2560 3 2662 2663
2561 3 2663 2664
2562 3 2664 2665
2563 3 2665 2666
2564 3 2666 2667
2565 3 2667 2668
2566 3 2668 2669
2567 3 2669 2670
2568 3 2670 2671
2569 3 2671 2672
2570 6 2672 2673
2571 4 2673 2674
2572 4 2674 2675
2573 4 2675 2676
2574 4 2676 2677
2575 4 2677 2678
2576 2 2679 2680
2577 2 2680 2681
2578 2 2681 2682
2579 2 2682 2683
2580 2 2683 2684
2581 2 2684 2685
2582 2 2685 2686
2583 1 2686 2687
2584 3 2687 2688
2585 3 2688 2689
2586 3 2689 2690
2587 3 2690 2691
2588 3 2691 2692
2589 3 2692 2693
2590 3 2693 2694
2591 3 2694 2695
2592 3 2695 2696
2593 3 2696 2697
2594 3 2697 2698
2595 6 2698 2699
2596 4 2699 2700
2597 4 2700 2701
2598 4 2701 2702
2599 4 2702 2703
2600 4 2703 2704
2601 2 2705 2706
2602 2 2706 2707
2603 2 2707 2708
2604 2 2708 2709
2605 2 2709 2710
2606 2 2710 2711
2607 2 2711 2712
2608 1 2712 2713
2609 3 2713 2714
2610 3 2714 2715
2611 3 2715 2716
2612 3 2716 2717
2613 3 2717 2718
2614 3 2718 2719
2615 3 2719 2720
2616 3 2720 2721
2617 3 2721 2722
2618 3 2722 2723
2619 3 2723 2724
2620 6 2724 2725
2621 4 2725 2726
2622 4 2726 2727
2623 4 2727 2728
2624 4 2728 2729
2625 4 2729 2730
2626 2 2731 2732
2627 2 2732 2733
2628 2 2733 2734
2629 2 2734 2735
2630 2 2735 2736
2631 2 2736 2737
2632 2 2737 2738
2633 1 2738 2739
2634 3 2739 2740
2635 3 2740 2741
2636 3 2741 2742
2637 3 2742 2743
2638 3 2743 2744
2639 3 2744 2745
2640 3 2745 2746
2641 3 2746 2747
2642 3 2747 2748
2643 3 2748 2749
2644 3 2749 2750
2645 6 2750 2751
2646 4 2751 2752
2647 4 2752 2753
2648 4 2753 2754
2649 4 2754 2755
2650 4 2755 2756
2651 2 2757 2758
2652 2 2758 2759
2653 2 2759 2760
2654 2 2760 2761
2655 2 2761 2762
2656 2 2762 2763
2657 2 2763 2764
2658 1 2764 2765
2659 3 2765 2766
2660 3 2766 2767
2661 3 2767 2768
2662 3 2768 2769
2663 3 2769 2770
2664 3 2770 2771
2665 3 2771 2772
2666 3 2772 2773
2667 3 2773 2774
2668 3 2774 2775
2669 3 2775 2776
2670 6 2776 2777
2671 4 2777 2778
2672 4 2778 2779
2673 4 2779 2780
2674 4 2780 2781
2675 4 2781 2782
2676 2 2783 2784
2677 2 2784 2785
2678 2 2785 2786
2679 2 2786 2787
2680 2 2787 2788
2681 2 2788 2789
2682 2 2789 2790
2683 1 2790 2791
2684 3 2791 2792
2685 3 2792 2793
2686 3 2793 2794
2687 3 2794 2795
2688 3 2795 2796
2689 3 2796 2797
2690 3 2797 2798
2691 3 2798 2799
2692 3 2799 2800
2693 3 2800 2801
2694 3 2801 2802
2695 6 2802 2803
2696 4 2803 2804
2697 4 2804 2805
2698 4 2805 2806
2699 4 2806 2807
2700 4 2807 2808
2701 2 2809 2810
2702 2 2810 2811
2703 2 2811 2812
2704 2 2812 2813
2705 2 2813 2814
2706 2 2814 2815
2707 2 2815 2816
2708 1 2816 2817
2709 3 2817 2818
2710 3 2818 2819
2711 3 2819 2820
2712 3 2820 2821
2713 3 2821 2822
2714 3 2822 2823
2715 3 2823 2824
2716 3 2824 2825
2717 3 2825 2826
2718 3 2826 2827
2719 3 2827 2828
2720 6 2828 2829
2721 4 2829 2830
2722 4 2830 2831
2723 4 2831 2832
2724 4 2832 2833
2725 4 2833 2834
2726 2 2835 2836
2727 2 2836 2837
2728 2 2837 2838
2729 2 2838 2839
2730 2 2839 2840
2731 2 2840 2841
2732 2 2841 2842
2733 1 2842 2843
2734 3 2843 2844
2735 3 2844 2845
2736 3 2845 2846
2737 3 2846 2847
2738 3 2847 2848
2739 3 2848 2849
2740 3 2849 2850
2741 3 2850 2851
2742 3 2851 2852
2743 3 2852 2853
2744 3 2853 2854
2745 6 2854 2855
2746 4 2855 2856
2747 4 2856 2857
2748 4 2857 2858
2749 4 2858 2859
2750 4 2859 2860
2751 2 2861 2862
2752 2 2862 2863
2753 2 2863 2864
2754 2 2864 2865
2755 2 2865 2866
2756 2 2866 2867
2757 2 2867 2868
2758 1 2868 2869
2759 3 2869 2870
2760 3 2870 2871
2761 3 2871 2872
2762 3 2872 2873
2763 3 2873 2874
2764 3 2874 2875
2765 3 2875 2876
2766 3 2876 2877
2767 3 2877 2878
2768 3 2878 2879
2769 3 2879 2880
2770 6 2880 2881
2771 4 2881 2882
2772 4 2882 2883
2773 4 2883 2884
2774 4 2884 2885
2775 4 2885 2886
2776 2 2887 2888
2777 2 2888 2889
2778 2 2889 2890
2779 2 2890 2891
2780 2 2891 2892
2781 2 2892 2893
2782 2 2893 2894
2783 1 2894 2895
2784 3 2895 2896
2785 3 2896 2897
2786 3 2897 2898
2787 3 2898 2899
2788 3 2899 2900
2789 3 2900 2901
2790 3 2901 2902
2791 3 2902 2903
2792 3 2903 2904
2793 3 2904 2905
2794 3 2905 2906
2795 6 2906 2907
2796 4 2907 2908
2797 4 2908 2909
2798 4 2909 2910
2799 4 2910 2911
2800 4 2911 2912
2801 2 2913 2914
2802 2 2914 2915
2803 2 2915 2916
2804 2 2916 2917
2805 2 2917 2918
2806 2 2918 2919
2807 2 2919 2920
2808 1 2920 2921
2809 3 2921 2922
2810 3 2922 2923
2811 3 2923 2924
2812 3 2924 2925
2813 3 2925 2926
2814 3 2926 2927
2815 3 2927 2928
2816 3 2928 2929
2817 3 2929 2930
2818 3 2930 2931
2819 3 2931 2932
2820 6 2932 2933
2821 4 2933 2934
2822 4 2934 2935
2823 4 2935 2936
2824 4 2936 2937
2825 4 2937 2938
2826 2 2939 2940
2827 2 2940 2941
2828 2 2941 2942
2829 2 2942 2943
2830 2 2943 2944
2831 2 2944 2945
2832 2 2945 2946
2833 1 2946 2947
2834 3 2947 2948
2835 3 2948 2949
2836 3 2949 2950
2837 3 2950 2951
2838 3 2951 2952
2839 3 2952 2953
2840 3 2953 2954
2841 3 2954 2955
2842 3 2955 2956
2843 3 2956 2957
2844 3 2957 2958
2845 6 2958 2959
2846 4 2959 2960
2847 4 2960 2961
2848 4 2961 2962
2849 4 2962 2963
2850 4 2963 2964
2851 2 2965 2966
2852 2 2966 2967
2853 2 2967 2968
2854 2 2968 2969
2855 2 2969 2970
2856 2 2970 2971
2857 2 2971 2972
2858 1 2972 2973
2859 3 2973 2974
2860 3 2974 2975
2861 3 2975 2976
2862 3 2976 2977
2863 3 2977 2978
2864 3 2978 2979
2865 3 2979 2980
2866 3 2980 2981
2867 3 2981 2982
2868 3 2982 2983
2869 3 2983 2984
2870 6 2984 2985
2871 4 2985 2986
2872 4 2986 2987
2873 4 2987 2988
2874 4 2988 2989
2875 4 2989 2990
2876 2 2991 2992
2877 2 2992 2993
2878 2 2993 2994
2879 2 2994 2995
2880 2 2995 2996
2881 2 2996 2997
2882 2 2997 2998
2883 1 2998 2999
2884 3 2999 3000
2885 3 3000 3001
2886 3 3001 3002
2887 3 3002 3003
2888 3 3003 3004
2889 3 3004 3005
2890 3 3005 3006
2891 3 3006 3007
2892 3 3007 3008
2893 3 3008 3009
2894 3 3009 3010
2895 6 3010 3011
2896 4 3011 3012
2897 4 3012 3013
2898 4 3013 3014
2899 4 3014 3015
2900 4 3015 3016
2901 2 3017 3018
2902 2 3018 3019
2903 2 3019 3020
2904 2 3020 3021
2905 2 3021 3022
2906 2 3022 3023
2907 2 3023 3024
2908 1 3024 3025
2909 3 3025 3026
2910 3 3026 3027
2911 3 3027 3028
2912 3 3028 3029
2913 3 3029 3030
2914 3 3030 3031
2915 3 3031 3032
2916 3 3032 3033
2917 3 3033 3034
2918 3 3034 3035
2919 3 3035 3036
2920 6 3036 3037
2921 4 3037 3038
2922 4 3038 3039
2923 4 3039 3040
2924 4 3040 3041
2925 4 3041 3042
2926 2 3043 3044
2927 2 3044 3045
2928 2 3045 3046
2929 2 3046 3047
2930 2 3047 3048
2931 2 3048 3049
2932 2 3049 3050
2933 1 3050 3051
2934 3 3051 3052
2935 3 3052 3053
2936 3 3053 3054
2937 3 3054 3055
2938 3 3055 3056
2939 3 3056 3057
2940 3 3057 3058
2941 3 3058 3059
2942 3 3059 3060
2943 3 3060 3061
2944 3 3061 3062
2945 6 3062 3063
2946 4 3063 3064
2947 4 3064 3065
2948 4 3065 3066
2949 4 3066 3067
2950 4 3067 3068
2951 2 3069 3070
2952 2 3070 3071
2953 2 3071 3072
2954 2 3072 3073
2955 2 3073 3074
2956 2 3074 3075
2957 2 3075 3076
2958 1 3076 3077
2959 3 3077 3078
2960 3 3078 3079
2961 3 3079 3080
2962 3 3080 3081
2963 3 3081 3082
2964 3 3082 3083
2965 3 3083 3084
2966 3 3084 3085
2967 3 3085 3086
2968 3 3086 3087
2969 3 3087 3088
2970 6 3088 3089
2971 4 3089 3090
2972 4 3090 3091
2973 4 3091 3092
2974 4 3092 3093
2975 4 3093 3094
2976 2 3095 3096
2977 2 3096 3097
2978 2 3097 3098
2979 2 3098 3099
2980 2 3099 3100
2981 2 3100 3101
2982 2 3101 3102
2983 1 3102 3103
2984 3 3103 3104
2985 3 3104 3105
2986 3 3105 3106
2987 3 3106 3107
2988 3 3107 3108
2989 3 3108 3109
2990 3 3109 3110
2991 3 3110 3111
2992 3 3111 3112
2993 3 3112 3113
2994 3 3113 3114
2995 6 3114 3115
2996 4 3115 3116
2997 4 3116 3117
2998 4 3117 3118
2999 4 3118 3119
3000 4 3119 3120
3001 2 3121 3122
3002 2 3122 3123
3003 2 3123 3124
3004 2 3124 3125
3005 2 3125 3126
3006 2 3126 3127
3007 2 3127 3128
3008 1 3128 3129
3009 3 3129 3130
3010 3 3130 3131
3011 3 3131 3132
3012 3 3132 3133
3013 3 3133 3134
3014 3 3134 3135
3015 3 3135 3136
3016 3 3136 3137
3017 3 3137 3138
3018 3 3138 3139
3019 3 3139 3140
3020 6 3140 3141
3021 4 3141 3142
3022 4 3142 3143
3023 4 3143 3144
3024 4 3144 3145
3025 4 3145 3146
3026 2 3147 3148
3027 2 3148 3149
3028 2 3149 3150
3029 2 3150 3151
3030 2 3151 3152
3031 2 3152 3153
3032 2 3153 3154
3033 1 3154 3155
3034 3 3155 3156
3035 3 3156 3157
3036 3 3157 3158
3037 3 3158 3159
3038 3 3159 3160
3039 3 3160 3161
3040 3 3161 3162
3041 3 3162 3163
3042 3 3163 3164
3043 3 3164 3165
3044 3 3165 3166
3045 6 3166 3167
3046 4 3167 3168
3047 4 3168 3169
3048 4 3169 3170
3049 4 3170 3171
3050 4 3171 3172
3051 2 3173 3174
3052 2 3174 3175
3053 2 3175 3176
3054 2 3176 3177
3055 2 3177 3178
3056 2 3178 3179
3057 2 3179 3180
3058 1 3180 3181
3059 3 3181 3182
3060 3 3182 3183
3061 3 3183 3184
3062 3 3184 3185
3063 3 3185 3186
3064 3 3186 3187
3065 3 3187 3188
3066 3 3188 3189
3067 3 3189 3190
3068 3 3190 3191
3069 3 3191 3192
3070 6 3192 3193
3071 4 3193 3194
3072 4 3194 3195
3073 4 3195 3196
3074 4 3196 3197
3075 4 3197 3198
3076 2 3199 3200
3077 2 3200 3201
3078 2 3201 3202
3079 2 3202 3203
3080 2 3203 3204
3081 2 3204 3205
3082 2 3205 3206
3083 1 3206 3207
3084 3 3207 3208
3085 3 3208 3209
3086 3 3209 3210
3087 3 3210 3211
3088 3 3211 3212
3089 3 3212 3213
3090 3 3213 3214
3091 3 3214 3215
3092 3 3215 3216
3093 3 3216 3217
3094 3 3217 3218
3095 6 3218 3219
3096 4 3219 3220
3097 4 3220 3221
3098 4 3221 3222
3099 4 3222 3223
3100 4 3223 3224
3101 2 3225 3226
3102 2 3226 3227
3103 2 3227 3228
3104 2 3228 3229
3105 2 3229 3230
3106 2 3230 3231
3107 2 3231 3232
3108 1 3232 3233
3109 3 3233 3234
3110 3 3234 3235
3111 3 3235 3236
3112 3 3236 3237
3113 3 3237 3238
3114 3 3238 3239
3115 3 3239 3240
3116 3 3240 3241
3117 3 3241 3242
3118 3 3242 3243
3119 3 3243 3244
3120 6 3244 3245
3121 4 3245 3246
3122 4 3246 3247
3123 4 3247 3248
3124 4 3248 3249
3125 4 3249 3250
